500
0 8428 1452 5195 9759 1435 6545 5715 3172 4855 4178 105 6067 6029 6537 4216 4988 6953 2736 883 3298 4486 719 7186
1 1296 2643 3592 6774 204 6733 2768 2177 812 5882 3670 3222 8269 5111 6959 8185
2 7682 5271 3591 2962 7762 2276 308 3820 6535 1752 1602 7847 421
3 6549 3596 490 6653 2560 2719 9313 2607 5159 9852 6692 6253 1695
4 1567 3147 4528 9995 199 6426 5962 1319 5550 9636 9965 4347 8216 1962 1668 4558 9874 5038 2028 8460
5 2248 7361 4722 4720 2345 247 935 7528 1763 7006 2447 3838 3747 1535 5532 8343
6 4388 4812 8637 8740 6527 1834 6529 374 9487 2962 6613 3383 9364 9351 7088
7 8762 1246 7769 1982 3299 6236 1024 1710 4035 2435 231 9374 321 1649 1992 5925
8 8620 2548 3144 263 488 8233 9804 3079 3812 2240 1105 8198 3905 5393 3340 6249 7193
9 8758 3099 2858 3153 475 79 2555 6917 8999 1734 3194 2129 8069 4558 7400 3643 336 7537
10 4490 9820 1450 1445 3636 834 5023 1272 3894 3787 4765 259 2956 9921 1105 8738 7289
11 5611 6529 9571 9863 8897 6613 8175 7642
12 3077 2278 7481 6281 9550 7907 7869 2555 3297 5312 4347 3015 2288 1849 4622 8178
13 8453 5795 8445 4326 4136 1719 9702 8005 4779 7880 8484 754 6743 2638 3625 4855 5375
14 6281 8872 9583 4004 1260 7713 5968 1045 4984 4444 9365 9400 2083 8183 3549 1476 108
15 5964 5503 3456 4380 7713 1773 3883 9006 4761 6027 1774 1882 7066
16 1611 5179 2817 5714 4525 6133 3562 5717 6547 5917 6115 6693 5298 4213 2 5522 7413 5245
17 5219 1576 1577 5041 3561 1879 4987 4457 8276 9263 1079 3739 1666
18 362 7558 9733 367 1572 2111 4020 7884 1956 6054 2491 1270 148 7968 5010 1901 2220 4897 7846
19 7941 5135 5027 8131 2590 6525 8514 2555 2288 5400 6514 8057 5416 518 3794 1979 8470 7320 2454
20 7121 3615 5977 8461 1984 6587 7912 5651 3386 644 9168 5363 2211 5244
21 9988 4042 5340 260 6765 4495 7791 398 2436 4641 2431 1770 8051 280
22 7253 9238 9216 7220 7393 1276 8088 2768 8866 2118 6613 4561 6743 893 3018
23 5617 4649 1711 4054 8351 6337 6517 9932 5458 8200 1670 7261 891 2147
24 7120 5483 6931 4176 5553 5427 3419 961 6263 7171 851 4206 9121
25 172 6231 6467 4131 2785 8332 2845 2945 7322 8043 8543 7137 6390
26 4255 7918 173 6437 7949 5025 3714 6639 3118 2690 4714 3021 3650 569
27 7929 6918 5794 7792 7919 5948 9529 4277 6353 2161 652 258 7525 5398 882 1205
28 2105 3152 4294 5992 1344 7604 7119 6601 9088 419 6257 8043 8605 6020 9133
29 6869 9459 2396 6881 79 7884 7540 29 1494 3012 3544 1905
30 3073 9895 9428 1142 5858 8583 7987 4158 5391 2082 1079 7352 7847 4786 4901
31 9556 4431 267 8816 1953 7233 5175 2555 7470 5829 1353 7167 3121 5741 3184 3408 1890 7851 863 2212
32 7873 6549 5583 6982 1158 7439 372 3543 9856 2126 3661 528 1328 4991 1557 5523 6196 244 9418
33 8812 155 2727 2760 7986 5744 5119 7279 6831 4961 321 537
34 5940 4035 2653 6963 4859 728 9089 9059 3048 8738 5680 9799
35 493 9593 6218 6487 4296 3074 9991 8674 4353 2962 2404 2418 1495 5952 7535
36 2107 5179 8084 4224 6925 2669 2780 2424 8263 935 107 7057 2704 3501
37 5341 2666 1454 9980 4395 499 1362 2962 1353 1429 5667 1804 2067 2125 8340
38 9968 4018 2264 8967 7118 7029 598 9861 8208 3471 8716 7709 4837 5504 1536
39 4291 7573 8566 3080 8787 8844 7234 4534 1134 8348 4559 22 5110 6258 1553 2879 9069
40 9743 6980 1457 2755 2643 7247 1149 1827 2938 4710 6370 7195 7003 5476
41 9593 6121 7774 5017 6072 9930 2896 2314 2380
42 4367 3311 8861 4224 3707 4251 6424 9026 4326 5466 7313 4306 7296 8595 4661 8157 3012
43 3309 321 8858 4735 2962 3457 8971 1123 9923 2339 6950 332 7322 1201 8223 4855
44 1091 9511 7800 9388 93 3306 5747 2680 505 2877 2038 720 6024 4787
45 2294 161 6595 7885 4429 2420 8263 5478 3320 1960 4159 4561 2 6745
46 918 2548 6135 7910 7749 6544 2014 6101 847 9367 8910 1556 5409 5251 7977 6033
47 3150 9833 2292 3325 7593 7595 8878 9547 1353 6613 3778 9044 9132
48 2512 9587 4739 9595 5859 833 6327 2054 6972 5744 1218 7048 3504 6020
49 4419 1948 6925 4546 5312 2972 7210 3991 9013 7160 571 3005 9063 720 9929
50 3587 6857 1455 9731 477 8246 1343 5043 372 2555 1513 6101 2033 9138 329 4199 259 5578 9419
51 5350 9204 8728 9302 1590 2341 374 1102 9123 1049 3978
52 2962 1180 1414 1274 8130 613 308 2234 3471 5652 5880 6950 6005 3656
53 4746 7865 3398 7852 4015 7489 6057 6613 9108 8160 2676 427 532 6020 8718
54 1440 6637 276 5850 2773 6497 5871 6498 1764 8593 6105 6157 4591 7353 3758
55 8994 6420 6311 4684 6608 4901 1416 386 915 2217 5592 7659 2672
56 4913 1626 1230 3819 7909 8008 9376 9533 4265 5340 3287 9079 1510 1554 8617 2058
57 1627 2771 2281 9023 5143 6911 4133 82 2288 9649 4675 4629 8163 6978 582 8911
58 5351 3312 3580 5422 4327 5177 8954 5327 7585 6613 2288 6805 4869 1746
59 9474 3163 4538 2340 541 9558 7701 5522 2694 3012 5406 3904 8265 6114 4741
60 1145 7975 8937 2895 6917 4345 8744 1639 2834 5715 925 3892 4586 939 3526
61 1958 8432 8653 4225 2992 6522 765 935 655 5880 895 3764 3227
62 491 3514 6857 477 3894 6395 7140 6020 4319 8219
63 210 4728 5181 5962 79 8793 2405 8522 4527 4378 6613 8153 2329 8828 9505 2196 9080 9650
64 7481 2773 7493 8817 1431 1250 7628 6550 220 7234 3703 1784 4710 1072 9044 955 321 1335
65 712 8854 1239 5557 8125 6547 4607 3796 9931 2258 9127 4579 2213
66 4490 2417 8889 5783 7945 3059 6606 2263 2289 940 935 2055
67 6890 1142 2434 3803 8976 6312 7438 6270 8302 4450 1532 6154 5748
68 9527 7125 5595 1164 3728 873 5007 1665 2610 2029 3643 7076 2741
69 9592 3074 273 8805 9688 7188 4322 5078 1299 2550 6547 2109 8462 1928 4856 4743
70 1302 7575 3584 8538 7228 5543 764 3424 4909 23 2699 8467 4830 6415
71 4349 7168 4076 7234 2569 8480 3977 1783 1668 6355 3012 7980 1897 676 5899
72 7123 5805 9959 6903 3252 3125 5386 979 2235 1938 766 5762 6000 1882
73 2349 6287 1180 4653 8002 7733 8665 7787 8721 2263 7699 6044 6547 8212 3751 9104
74 1020 2757 7517 7606 5326 9305 6686 1773 6028 3877 7676 242 7061 6027 757 6153
75 1376 4051 9488 4533 3933 8125 381 7268 812 139 9340
76 4292 7692 2555 8513 9898 7948 7153 1198 1014 286 625 2576 2693 9351 3971 4624 5451 2903
77 6058 5737 2771 7923 1010 9493 6616 3390 6005 7652 7044 3469 3643 3745
78 2566 7122 7219 9637 4134 2368 6447 9693 4083 9642 1200 2070
79 6282 4496 2509 6542 7761 4344 79 2085 8716 935 1865 3012 7187 7 1883 2902
80 1982 2437 9510 4970 214 5348 3894 5683 2 3370 3376 1420 1348 4474 8531 575 4241 1383 9244 3989 955 751
81 7491 8925 5797 1304 3169 3864 7578 8134 7055 8311 2240 9138 760 9505 4626 3776 9282 9040
82 4223 1723 2393 7362 2401 340 9444 3936 3535 9770 5752 5915 2704 864 8390 7412
83 2643 2342 6863 6550 6041 4809 4541 3418 4060 6010 3467 3558 1537 131 847
84 321 5992 4734 3864 8864 2422 7463 444 3119 5401 4985 3121 6691 7 6171 4143 7327 3340 8290
85 5219 9557 5152 7256 5345 9757 6609 3802 8303 3464 2695 4797 2897
86 736 1925 9381 4824 5211 6123 3599 2240 9350 562 868 1996 3776 751 2121
87 9007 98 427 219 810 5729 5044 5704 6265 7968 2622 8183 2744 952 8169
88 2203 4959 8859 496 4505 202 5556 1038 915 7306 1683 428 8353 524
89 6935 5340 9676 6739 2497 8123 9388 9235 6054 5403 1528 9511 1322
90 8803 6338 2563 1316 2580 5815 3729 9415 3016 8554 961 8387 2734
91 5073 9889 9615 4258 2275 5836 1136 6837 7723 2037 949 7840 8193
92 6896 1179 4253 2640 9624 6541 9539 3710 9815 7584 7296 2240 452 8370 321
93 9728 2466 2515 8680 1170 9485 1161 8880 9703 6717 6341 9413 9007 5533
94 5722 2426 5622 5502 354 2779 3084 183 3660 2711 3012 3412 8384 2182 3035
95 3616 8021 8767 4364 3705 8514 7043 6955 5762 5460 4583 3770
96 3051 6640 2993 4396 2357 5546 4531 6938 2683 2609 5384 3786 6116 648 5504
97 5998 8101 3394 8862 6917 7775 7607 2939 1698 4445 9003 6613 1937 2878 3758
98 5075 5064 5847 3095 4521 8014 4390 7296 9796 3017 4463 8305 136
99 2764 9210 8445 946 1835 461 9710 3807 8722 4985 4209 115 6003 6379
100 9207 8628 7118 6624 6273 9545 5754 2874 2288 2459 4780 3691
101 1233 7447 9238 4046 4253 270 7384 5644 3926 1125 634 120 5766 8352 2910
102 8090 3372 7152 9248 214 7688 4341 5307 62 738 8647 7055 4671 5412 5902 6035 4580 425 5477
103 9676 9022 8796 2759 476 3284 6127 1060 2872 321 3744
104 3074 2395 3376 2858 1032 8510 2465 2583 8431 8583 3241 1319 9900 5762 9007 7194 1868 4906 3502 4214
105 360 3334 4066 5280 1352 4097 3666 3797 6672 5446 1663 6259 7963
106 321 594 6208 5332 6573 2983 5848 2555 5715 8125 82 5499 5661 7062 9641 6030 6744
107 4170 7486 8678 5266 9688 9189 5557 554 4968 8261 4450 3664 2635 134 5117
108 321 7252 745 6640 6891 8753 4229 3841 4542 8145 2844 7721 5407 3353 8738 1327 8911 30
109 6636 4913 3637 5182 7204 8674 6631 3450 5338 3902 4463 1479 6038 4749 4992
110 7747 7506 4326 9450 8514 4381 4808 1686 2967 6963 3884 9111 7355
111 1195 2644 3583 5961 8097 169 191 3294 259 8903 7841 5533
112 6457 6560 8577 8943 2641 8002 1271 4938 7170 132
113 1611 8033 7240 8080 8588 8408 9529 4530 9722 8337 8508 5339 1668 3722 7880 7949 2192 4880
114 316 9895 5621 6324 7833 8644 6961 6826 3182 6748 8069 8234 3982 8383
115 2391 1588 6045 3442 5093 9545 1639 3537 2931 2215 3625
116 1093 9820 5731 4803 8922 8637 7561 3244 7758 4357 6834 9061 6799
117 5783 273 1027 2476 291 1383 1064 8645 2701 39 8481 760 583 1336
118 7120 4105 593 3612 367 5040 8536 4412 7317 1742 2385
119 1721 2892 828 7445 1066 6988 1363 2583 84 3101 3797 4708 34 9513 7321 8913 2882
120 8994 6641 5639 6646 8786 2796 9598 5283 7663 7759 4986 6938 3755 9781 782 643
121 1035 6187 7117 2103 4243 4414 2017 9172 1551 3830 2240 3918 3829 3741 667
122 4668 8011 5140 9482 7880 539 8293 8264 6538 2385 7308
123 6879 7804 304 9301 3084 5508 8469 7281 4556 2611 4740
124 2417 266 2598 7413 1348 9758 5636 6783 4331 5400 2875 5762 8615 3877 7197 1534 752 8376
125 9752 212 5548 8861 5552 6331 7233 7629 9259 200 3333 9172 5880 4312 1976 523 4971
126 9533 7223 8861 4341 3619 6327 1867 2180 7358 4888 4623 449
127 157 7877 4007 8147 4247 6914 2532 1070 5161 9573 1668 6547 6797 5861 818
128 4937 9733 3376 8797 2264 4508 8131 8119 6523 6043 6625 3543 5382 1805 2747 8827 2 9650 4966
129 3363 4293 5155 7685 2 6529 5776 7254 6938 3038 441 6013 2082 6698
130 5601 9533 618 9887 7547 7910 6556 8125 1813 8361 1871 9283 3426 4769
131 1567 7480 5155 4823 5126 6349 5804 5831 3336 9485 1581 6601 4260 259 2948 7 7153 3510
132 3926 7883 7567 5634 6971 6270 979 9167 5295 2696 746 3188 1509 4318
133 9159 6656 8668 5301 5209 6835 3126 2748 6693 6412 1521 9848 9928
134 4424 4934 2100 7839 3214 2556 1638 6112 4159 3348 5578 4851 955 8605
135 9326 364 5153 2514 9888 1359 5818 9311 1299 2962 7880 6350 9169
136 7503 8681 1710 7684 2643 475 4023 8989 3447 9316 5517 7358 3673 2453 5749
137 7870 4739 8807 7559 919 7602 7713 7816 4938 8213 7196 663
138 8982 9533 3338 2555 105 3649 566 8167 3992 8464 2379 7153 1509 7144
139 6889 8758 7811 3293 6584 8699 3333 1767 4908 2892 6109 1882 674
140 2751 1157 4203 3364 8405 8130 3806 2835 1165 6242 400 5473 7066
141 8748 1625 6452 4103 6278 2650 9715 8744 5715 1273 6877 437 1871 427 887 6417
142 9593 9837 1633 2359 3057 6890 7601 7883 5092 9999 7902 6101 1770 8174 8052 1750
143 8995 360 9576 4380 2404 4181 1908 2364 7652 8596 673 9056 569
144 5075 8033 3067 5275 4020 8074 574 4194 8064 580 2169 794
145 5941 5781 8329 6739 6089 1383 2880 8580 7210 8332 3383 3382 5465 1665 4995 9041 5469
146 3077 6705 7162 8626 5711 7153 7438 1007 5563 7799 8387 5515 8172 3665 5446 2613 3759
147 4843 6931 9956 4513 5794 4531 7699 5282 6216 1256 2228 1135 7674 3885 4065 4883
148 3142 2938 924 9344 9128 745 423 3502 2061 3683
149 4805 6420 3262 4431 2155 2986 5962 2552 4416 2785 1943 5801 4867 8644 8274 5389 8350
150 7510 3288 4807 8684 3147 7909 6818 79 6708 7895 6370 1871 6404 4569 1793
151 7482 4483 4645 1618 7249 8973 2353 2407 4463 5762 2329 5659 7004 7401
152 7860 8898 5187 3373 9686 6320 3625 3608 8257 6938 9858 7997 8224 7065 3232
153 2816 4386 4264 9615 6216 6590 6531 8208 2938 696 8491 4759 5251 2741
154 2461 4685 8940 9963 7914 4352 6569 8780 1176 6061 895 8206
155 1153 5204 2645 3613 7940 5855 389 2823 2962 5962 8486 2302 4572 786
156 4032 7573 2669 1318 1361 8125 8016 5339 8389 5248 1534 4774
157 5121 9968 4124 4111 2574 6899 6961 9273 4838 4754 9196 2958 1205
158 1034 7751 6840 7743 3610 6862 2197 1668 503 9413 5504 4142 1752 7153 4891
159 6560 1146 5708 1150 3144 1573 8247 6464 8722 2584 8664 9784 6030
160 6577 5202 4031 1737 2533 7903 5232 1708 182 9013 3012 2258 2127 6258 5504 8904
161 1785 8010 5553 1267 831 7922 9738 8512 2160 102 5240 2169 7190 6385
162 321 3103 6234 3256 8420 2676 1309 7236 3588 3320 9160 36 571 8195 3981 2913 3173
163 3363 9330 7110 4801 7118 1583 5016 6101 6060 7148 3689 8162 1481 4906 9368 8916 8387
164 2848 4363 6763 5611 1850 1979 605 3752 2885 8833 3356 3481
165 8898 9333 3581 9674 233 178 1357 2781 6270 3820 4941 4667 6503 6269 1522 3683
166 4370 6143 1287 1163 5359 6385 7258 8125 1357 9161 1819 854
167 6232 3982 2401 913 2818 7925 382 9546 8594 2215 740
168 2470 2285 9470 8993 7624 7770 2962 7949 3706 3119 3462 956 644 5371 5873
169 9897 8943 9755 27 3281 9075 9224 8118 765 8483 2909 139 6676 5867 9292
170 1081 9459 7861 8986 3152 5029 9626 237 8240 1940 8140 5293 7652 3865 999
171 5825 220 7028 9457 202 4354 6125 345 3936 8125 5412 3344 6757 8471 6676 5360
172 8810 5838 3154 592 7581 4657 5666 8303 4444 9364 5881 5762 9774
173 7789 8090 5583 5683 79 7949 5447 8134 1429 140 3727 8363 7642 9014 9842 5957 2194 1732
174 9159 9499 1622 4402 2547 5317 4159 5405 329 4334 2150 8708 2628 8544
175 6290 9953 8876 321 2113 7740 2803 9968 8099 4819 8070 6507 6362 9045 3693 2879
176 6992 7954 9885 5961 5166 4523 4524 7883 7816 9288 9003 9643 1902
177 4107 8683 6599 8407 208 3209 3602 8671 6216 3320 5230 6730 3721 3429 3836 1652 2061
178 8994 9295 1835 9959 4819 4258 8747 626 7736 9694 932 5408 9764 4597 9102 674
179 2389 5548 963 77 5923 3061 4647 1354 7438 5715 2480 3018 4301 9696 2074 3111 3776 6258 2934 1674
180 8507 1146 706 4241 3274 7552 8646 9700 7087 5677 1927 5525
181 1282 9318 5307 8587 8535 2555 8960 3158 6938 1668 4871 2950 6149 1558 3548 8498
182 7227 6628 5122 4827 9156 4133 3936 6639 759 7044 7415 6808 699 6379
183 2804 5429 3338 2992 4294 9830 4437 8725 6938 5983 9641 6066 1215 1555 3758 4901
184 2501 7804 8766 2549 5779 6134 5176 2976 7237 3540 8213 5418
185 8924 3499 8463 6188 8056 1509 1077 1964 4073 5691 725
186 7114 6224 5601 9007 5962 1162 2584 9839 201 9171 3720 4081 8163 9848 6153
187 2472 6846 1020 5070 9955 9721 1114 4183 5430 6545 2722
188 3163 1838 3454 3096 5322 1954 1595 6166 8302 6794 1122 3037
189 175 6279 5093 827 9370 5310 2190 760 8711 5446 1906
190 8429 8098 3094 6871 9147 951 5715 9360 7655 6376 6398 1893 7526 7351
191 1613 490 6433 2798 5073 4187 8640 5906 6264 2327 8906
192 8442 3267 7026 2515 6607 6476 6875 1657 3180 696 6974 9015 1774 8345 7413
193 732 7469 2498 6428 7617 3368 6167 979 5462 259 5741 5525 1602 9503 3117
194 3077 4230 165 4512 6320 3454 5805 2006 5846 7429 8866 4848 8212 6537 2639 8231
195 3077 9331 3210 7245 1170 718 1586 8410 1387 3936 992 5561 5929 3006 1763 6144
196 2892 1702 5972 7434 8120 7601 9865 538 3537 3988 9512 645 3987 7413 6180
197 7453 9374 3936 9805 8522 3002 9935 1208 6514 2687 5565 4909 2745 3114 3857
198 8443 7806 3885 6572 1989 340 7213 4987 7737 3726 5914 4908 2124
199 1541 7013 6997 4486 2815 221 5056 4039 1646 1978 3042 7058 7192
200 5862 5346 6609 7801 79 341 1289 1719 3529 3870 4978 259 2164 7290 747 427 569 5388
201 5824 4225 7492 9637 4341 7475 8527 3816 831 7699 9265 6101 9933 6170 5909 5748
202 6423 4284 1715 4409 8113 7888 6608 1708 799 5883 659 2099
203 2777 5787 5607 4688 8004 2703 4878 3837 1777 1912 4841 8610
204 1189 7943 608 6227 9378 4341 8722 2017 3677 3843 4896 243 7318
205 7003 9387 366 8644 7567 4704 9508 8739 977 7058 1920
206 5581 5206 5308 7742 1391 2963 5177 5715 5046 2631 5869 812 3753 3943 1600
207 9215 3054 8133 709 2547 3297 3805 8949 3977 503 5677 1774 4851 535 8187 5679
208 6302 5842 838 6854 9256 6332 9035 463 3081 7762 2555 7823 9 337
209 8008 9747 7754 8105 7248 4340 7699 7474 3243 287 5462 1799 888 4887 5445 3351 1695 5451
210 7909 2464 8740 8699 9140 3937 8005 9108 2843 6954 2318 5869 7970 3964
211 7114 8436 3595 6338 2873 8994 6331 7638 7307 9366 1927
212 8803 8983 5730 3202 5048 8763 7762 1098 8864 6723 3132 2128 8156 4624 4633
213 5825 9029 1456 9744 1276 1229 4651 6337 8199 7652 9019 9939 7001
214 4806 702 9465 7153 5554 4123 1686 4347 9855 4703 1106 517 6037
215 9737 9732 1000 2962 3005 766 4985 2301 8159 3742 2536 2457
216 6478 311 2291 9675 3270 2426 1298 6827 6953 3879 1663 2225 2191 6675
217 9997 8434 5353 79 2340 9388 1111 5395 433 9048 5415 2231
218 9034 79 9409 44 5055 8957 7164 6516 8542 9654 9194 8059 5950 4901
219 154 5965 8664 390 2404 1569 5754 8714 7060 5445 5246
220 2997 8899 9989 9395 6712 1017 7586 9702 182 226 2550 935 3946 2062 5486
221 3363 9593 4501 5195 2197 2109 3404 3126 8739 2638 9281 8915
222 321 6776 7875 176 7949 6342 9219 3304 3999 2952 4555 3735 3724 850 2203
223 6339 6918 479 9526 1391 1161 9388 7429 7542 500 979 3012 7411
224 2985 8994 3584 7110 1375 1316 4035 2962 7611 2973 2778 1963 2263 2904 6241 1893 2603 2157 1790
225 1349 2830 7414 3923 3277 979 4079 9167 9139 2240 2732 672 8467 9075 7298
226 8814 7223 463 738 1071 1668 2925 4097 6824 4703 9137 1854 6959
227 49 3885 8111 4326 9959 9146 9726 5886 2240 2685 436 9081 3227
228 6909 7398 7935 5125 5630 498 2701 8358 2615 5521 8718
229 8994 5168 8817 1909 3014 7040 8209 7652 8052 852 989 741
230 8572 8081 7953 6021 9007 4485 2802 200 4987 920 9056 7072 3484 5103
231 2296 6762 6565 219 4240 820 2346 7383 6351 1640 7984 8701 997 9842 2930 4832
232 4042 1009 6585 9197 4266 7453 8514 1253 7153 333 8715 5869 9878 4835 585 6675
233 1178 9823 9248 219 2343 2495 1323 7638 9407 9255 5958 6502 5862 4311 3789 4147 4319
234 5193 316 6635 1785 3153 4402 5235 7782 3895 1668 6375 7849 5895 8183 2746 4073 2326 8204
235 5628 5838 4659 1623 3140 7517 9132 7542 8216 2739 5032 2240 139 3387 4140 3871
236 8281 1230 9600 6737 9611 2590 2170 6740 4076 33
237 8115 843 5388 4238 979 5006 2450 7328 3828 8294 2886 9192 2882
238 1194 2986 587 2272 2573 1048 2432 8840 871 4873 2681 8836 9653
239 5148 5639 2279 8990 6048 5715 9845 5929 1495 1881 3189 448
240 1080 1634 3929 9941 6547 2710 9412 8358 9093 2206 3747 8823
241 210 4037 7902 2596 4808 5283 979 3126 930 4158 3735 8900 3965 2737 7353
242 7121 2400 8953 8000 1345 3019 8406 102 5750 9646 4583 3172 2155 6402
243 213 1614 2465 9688 1549 8010 2288 3028 5412 7149 2240 1328 1763 3508 949 2313 142
244 8749 3144 6496 5584 6647 8965 1950 79 5707 1401 6325 7762 6364 5479 1929 516 9770 2730
245 2415 7516 8682 2822 8808 4604 3450 3700 6825 7078 282 3885 6509 9133
246 1303 4189 2795 300 2119 3306 6188 6260 9609 3894 1040 3667 5917 5296 2904 2240 8831 2183
247 3362 265 7364 2962 8785 3336 5069 1115 8313 7968 6951 2602 5920
248 1091 640 2562 844 7248 6786 6318 3700 8125 2483 969 3770 288
249 8858 5549 8683 5138 4477 9966 2274 3461 3728 3837 3135 5445 9102 3645
250 8632 5341 9526 1348 9453 1405 6594 6042 5509 3358 454 7732 8613 5568 2044 2191
251 6562 4284 8571 7240 5963 4166 5019 357 7042 8188 8595 6170 4884 3655
252 6908 7870 8627 2981 1850 4531 5835 8125 3715 7786 979 1125 2126 3739 321 638
253 7495 8774 9533 7021 2494 325 4576 5675 6105 5663 5112 9199
254 9618 72 2986 2272 7771 4651 392 1075 4140 3995 587 3232
255 3374 5287 3086 1063 2431 3563 9276 4953 1558 9129 4591 9131
256 8033 5825 6777 1409 1987 9537 2012 4402 8125 2586 1479 1763 8298 1078
257 3630 6454 3032 9831 5307 368 8841 915 4550 2920 4080 9258 9125 5389 2381
258 6588 8457 4923 8750 4551 5290 1766 4635 5536 448 5507 9133
259 8457 5738 3392 540 8644 9067 566 8618 8462 935 436 3908 1991
260 493 6878 8440 3074 7718 2595 3649 3894 6507 9798 7155 8221 421
261 6879 1020 9380 9321 1809 4176 3074 7216 8038 6793 3653 6181 8352 3940
262 1372 4281 7484 4008 8928 79 9451 5622 4849 447 4763 8228 331
263 3605 4041 2640 9398 9667 4326 9244 7615 6341 4180 1972 5379 8619 6667 8615
264 1438 5552 6928 8075 9244 9423 1176 8522 5643 8150 6946 6836 5660 5715 3768 7414 8196
265 1620 3217 4496 716 6986 9811 9634 9031 2649 3757 6102 2709 8224 4855
266 7105 4035 639 473 8704 3419 6102 3762 3894 6035 5534 8068 3030 1676 3747
267 1223 2979 6635 7435 3153 7504 9600 9245 268 5023 4288 3383 2240 4560 6116 1109 2735
268 2776 9327 2503 5335 1081 3602 9709 6027 8125 9785 6066 7652 6034 658 3642
269 559 1287 2823 8743 1004 8073 7448 4540 4182 7986 4314 8306 5919
270 5204 8637 7384 7949 8336 4242 9140 8585 8272 427 3350 7537
271 5428 2499 5960 8753 6586 1581 318 5401 1771 631 2935
272 735 4251 4057 8457 2398 3081 1356 5146 2175 9032 7641 949 1078 750
273 6650 7208 8085 6468 5029 5715 3079 8426 8054 2630 7265 9508 5038 336 9502
274 9968 9466 1097 2412 3376 1379 6826 3130 3032 2959 7058 7999
275 1637 9818 310 715 9386 3378 5307 5437 7901 1410 6832 1807 427
276 5871 735 5153 3056 8574 1364 7927 7229 2288 805 6189 1078 2441
277 3050 7480 8923 155 320 9524 8965 8579 9226 1353 624 5248 3195 8225 2202 5477
278 307 7947 9211 705 8408 2962 1299 9355 1811 1506 6101 2365 3235 2723 6401 8905
279 1611 8649 1542 838 52 1309 2977 8029 5426 8130 1942 1436 6794 1201 3013 8344 2327 7413 3539
280 5127 273 2506 5331 6597 9579 8975 9685 7213 8134 5493 7063 3789 3758
281 5726 1722 1621 8888 8040 8768 9899 5810 2951 7659 3012 6952 9199 4066 5251 4965 7853 3409
282 3586 3074 5143 4242 6465 4892 4116 9013 653 9004 657 3947 2169 2 5693 5494
283 8800 5086 7699 7925 1343 4094 4712 8714 1777 572 867 2169 1320 8396
284 5185 7797 1280 4286 8994 8284 1348 5287 79 7386 8954 1386 7042 649 4835 8904
285 1716 9671 4366 6223 3637 5437 7438 4641 4565 8175 8484 2232 7738 2120
286 1302 4538 1571 5587 9453 7762 8989 9725 2676 5000 3973 2386
287 8920 4107 1279 9484 4020 5829 2148 3846 146 7527 5450
288 9734 2296 1291 5178 1297 7290 7709 5359 5547 6882 8520 8794 2240 4944 9262 6269 724
289 8994 5179 3802 5715 3934 8140 4671 9172 6148 759 754 2722 8059 5442
290 7680 8444 8459 2424 9315 8268 8330 7038 9573 328 6172 953
291 7120 9532 7792 4721 9224 7784 5209 8216 6547 4671 5765 863
292 3600 6119 76 7811 1113 7817 4461 8389 3038 2186 3745
293 7796 9732 8682 354 2492 224 9700 9691 9265 4463 3885 970 5247
294 4483 6845 6919 4326 5085 2354 6579 200 6054 2702 4304 6103 761 7652 6681
295 361 210 5347 2293 3693 4352 5437 827 9007 2214 1882 8476 6022
296 71 1598 2225 7425 9204 2475 2962 9301 7949 6690 2365 2919 4568 4099
297 1310 1302 1626 5342 7889 7770 6784 9230 3240 5144 5146 148 5869 147
298 9835 2644 6478 9602 9533 3303 8722 2834 4304 9265 6389 945 8051 874 6381 2369 4970
299 7806 3077 9554 2327 9007 9733 293 4387 8520 2688 8887 6189 8041 946 7261 3682
300 5580 2296 9997 5483 4253 2643 8288 6522 1668 9065 2946 2129 243 780 8186
301 8922 3565 1383 9146 7029 7926 8004 4778 4461 7296 625 6039 3840 2634 6534 4558 7404 847
302 6492 7635 711 5275 3442 2545 1734 297 4417 8140 3781 745 7967
303 5826 4118 9968 8984 5789 3283 6345 3318 8487 500 447 3963
304 7797 4915 8568 5084 2494 8977 2430 6428 5676 6260 7652 7314 5529 5520
305 7240 8944 701 1705 8776 712 5960 1984 3379 9529 6886 5757 9352 2744 5533
306 3614 6851 6558 1571 4484 7795 6299 7545 6321 4158 1978 2614
307 6315 3587 7424 8021 4434 9568 366 1435 2458 2121 1607 321 4901
308 3074 9184 7362 5786 2544 7556 4393 1639 6335 3723 9241 9608 5757
309 5131 7104 167 4912 6134 7879 4325 5158 6351 2701 2680 3971
310 7114 6311 6211 1757 1581 8241 3240 7734 3132 2871 4582 3023 1335
311 4912 2 9706 7215 2824 9001 4763 3111 7274 2614 2071 7648
312 1981 9834 2278 362 5783 9968 2962 4508 64 5540 9027 8705 2240 1682 620 3048 7162 8234 4071 3657
313 1336 3104 5331 5589 9867 6615 6134 7949 2962 3543 4778 1938 2256 9920 1840 2457 0 7131
314 4293 6437 544 9705 5094 5045 6447 6613 3785 2939 2329 3009 8462
315 6575 5606 1984 1171 4015 3418 1657 8057 9842 4981 2622 9130
316 1311 9604 1577 9834 9993 544 347 8118 9047 8837 7736 5412 8067 4594 8295 3106 7289 6018
317 5864 9471 7014 9676 1952 1394 1255 7939 2875 3724 7525 6673 8614
318 468 8624 2138 8786 9948 7713 6554 7167 3867 6948 7523
319 9823 88 2005 7591 2582 8109 5738 3285 8672 3715 5677 935 7736 79 7318 4840 6141 5363 3746
320 9808 1456 6840 206 7965 7603 7827 1164 5743 2685 3983 2699 4636 3987
321 734 4421 7426 8588 6540 3153 7023 9244 8410 7164 3229 2240 7843 8269 6183
322 3064 5193 1721 8625 4175 1431 3376 8966 7454 574 5394 3015 4332 1914 1888 2923
323 6706 1443 8987 4033 7219 41 6439 376 1299 9711 1639 5300 2109 2234 8597 9367 745
324 9585 9007 301 8581 7734 3537 8480 2240 5917 4761 8392 6025 9799 3422
325 7340 9968 2548 8674 2479 5624 6709 2236 5764
326 9580 5151 8819 8785 7603 6624 6461 8413 5509 935 427 2 2308
327 6492 4362 9954 5182 8586 3454 4532 7543 2850 5424 8276 3111 5446 9348
328 6258 8629 4183 7234 3714 9241 6017 9064 3672 9848 7327 1841 3171
329 6878 1625 66 9036 7474 7660 728 1678 5537 7195 1903 3980 6387
330 7937 482 1366 4087 5109 8298 5456 6404 1692 7976 587
331 7972 3267 1839 6985 5607 4435 7113 76 9811 5962 6547 9263 8195 1796 1689
332 1399 8455 2506 661 178 9990 6134 4185 5386 6158 9178 7843 6187
333 3594 7459 2752 4510 8935 7956 84 8779 3609 5715 2406 6008 8495 8735 2485 7709 7090 2143
334 9475 2409 1307 4186 2469 2436 2818 2715 2161 9126 6369 4857
335 7747 9083 5789 6778 4270 2585 7438 7409 8732 6105 6507 450 1979 5447 3855
336 8920 8280 9809 1625 7741 838 5964 3363 4035 6201 6587 2658 83 2491 8469 2187 2 2201
337 4511 3095 2138 6607 6205 5017 7726 9250 1977 412 2121
338 7693 6770 4478 1202 2962 7429 65 5873 7213 1629 979 9362 3238 7965 5447 5389 4901
339 614 1002 86 7461 6717 6626 1888 91 7787 9255 7859
340 7741 7947 2272 79 9483 7307 3896 1075 3794 5534 2721 8293
341 4814 5840 5962 6482 5609 6848 588 5032 9073 2536 2742 337
342 8898 7037 2296 5582 822 9889 6863 4010 8851 2288 539 148 5258 5242 4972 9085
343 2788 5808 6480 2008 3611 1423 7688 732 6273 4108 3012 7525 9657 3848 3870
344 4291 5611 9533 7762 9312 7885 6713 5706 8781 476 1668 9405 3461 1534 4901
345 9736 7360 8741 8334 1380 9899 1430 6458 4466 9018 3997
346 5797 6524 374 7543 5158 6063 9926 1105 8264 845 741
347 240 5152 3249 2290 6049 8143 7606 6042 9079 7713 8188 7675 6115 3506 9510 3427 2155 7522
348 5049 7248 1448 6467 3907 8594 4562 4665 877 7147 4855 9859
349 8081 7741 1224 88 4522 4086 6164 4332 4674 7969 3003 3836 6413 6095
350 1574 4054 8461 5809 4121 1379 6334 632 3835 141 3982 5686 6020 4448
351 513 218 7206 4736 1394 8136 8781 7353 9414 4464 1052 141 2699 1740 9776 3681 5693
352 8958 9331 9968 6621 8882 6861 5665 3958 1108 843 578 3501 335
353 6762 2987 828 1982 399 3396 8882 6467 7043 8167 2485 6758 4664 3697 8319 1694 1128
354 3064 5186 1620 9956 5962 3377 9577 8331 2000 5163 4181 5660 1693 7537 8718
355 1096 166 153 2555 4122 2372 3628 9061 1877 9199
356 8921 9477 7577 9597 907 8743 5044 917 3784 5666 8367 7087 2206 4151
357 3586 1408 6434 1226 6439 647 2825 7086 2229 4553 1071 9843 2325 4632
358 8947 6482 96 6964 3005 8768 8722 1007 1044 5466 3542 3824 5036 3961
359 1246 1577 5228 8964 9626 8850 3286 2595 574 6695 3877 877 8308 2125 416 7413
360 2130 8994 6316 6030 4035 9707 5897 9129 8307 2076 6176 2089 6195 4585
361 4924 9834 8942 7021 5064 731 9485 1765 5898 9768 9791 4761 2872 9050 5503 6752 847
362 265 1151 9206 6967 1407 5705 8659 9266 6103 2844 421
363 9228 1540 8258 4775 5779 8638 8331 2419 6353 6538 8227 3876 3525
364 321 1091 89 1236 8815 1032 6296 7772 8972 6133 9317 4998 650 5001 3486 6258 524
365 1294 348 8116 4439 4394 9437 1902 321 142 882
366 8812 1021 8675 7215 94 4577 1070 1657 8609 6691 7302 2152 7185 7350
367 3316 8036 7345 2803 9270 4059 9862 5216 9573 1219 259 8358 9295 9294 240 2531
368 3074 263 9404 5571 3748 3644 621 8703 7967 3860 2071
369 4032 2803 720 3543 3784 3902 5880 3825 3012 9101 8464 7840 4693 2155
370 7598 6082 6606 2780 29 9274 1650 1052 2538 5419 510
371 9106 1574 7226 9392 1317 9565 1299 5836 3536 1668 9011 6823 1789 7314 7153 7962
372 70 4257 3584 10 7763 3764 7304 2176 5379 8739 4597 2745 6175 3188
373 8443 3604 5966 8138 1710 7469 4237 79 9075 196 7974 7087 3982 3037 1851
374 1091 4426 1717 9993 8511 5220 4013 694 7294 1682 3783 4595 860
375 8032 5127 7625 7231 4340 6872 9545 8209 3793 3829 4786
376 7513 8419 5229 1383 4401 550 9389 5437 5054 9871 2851 6554 9407 2485 6953 7296 1429 3851 5679 9087
377 1423 8501 8084 2962 1586 7118 7606 650 8734 8276 1762 8196 6369 4855 4620
378 5131 1451 5434 7214 8521 6546 7938 4588 3193 5402 6248
379 8630 6718 9374 4178 8410 6715 5626 4304 814 4314 3962 2900 3655
380 1565 3656 9440 233 3392 1342 9372 3014 3031 2730 4693
381 919 2460 1562 4253 6611 4382 227 3404 1046 761 3877 7174 3438 7163 2327
382 9215 6925 9303 2668 4298 6905 5697 1888 6672 4199 7899 3829 1327 5100 1212
383 2500 4128 2476 2013 2818 9816 7883 6132 183 4662 5715 116 5672 2233 7143 5240 3113 4308 9409
384 7239 734 2392 7218 6437 9706 8416 79 8014 3936 605 3125 935 8275 3836 4696 8297 8384
385 1150 6231 8106 7377 9882 5582 1984 1309 1134 575 5885 7676 4201 7169 9348
386 6454 7389 8934 3168 7232 9803 2263 935 3978 5574 1761 7652 3867 2900 5468
387 16 3146 5429 4402 2494 8722 6938 6546 2542 2864 4462 1042 9933 7709 3388 1648 9842 2673 9068
388 1625 8253 7784 457 2030 2458 5119 8213 7044 20 6828 3762 2868
389 2829 5285 9615 6716 60 6684 8225 9651 7155
390 1398 276 3315 7111 8023 5141 5701 9703 4808 5905 4086 254
391 5853 8982 7251 3074 1195 1423 4326 550 6720 538 4994 798 5560 686 3476 8546 5690
392 828 4421 2013 6616 4527 7043 6062 7269 4599 6972 2160 4558 3037
393 302 3376 7874 5710 7629 8960 1006 3785 996 9139 1673 6092 4994
394 8117 9821 8650 6964 8388 3543 9695 7730 5013 8385 9191
395 468 8447 7112 4801 4135 4387 8743 5189 3936 5400 1861 8357 3963 321 8822
396 4431 7122 6646 7204 3714 6626 8523 5396 4909 573 783 9129 972 1677
397 265 7779 315 8571 7575 3074 5816 8894 3563 4716 6064 884 2077 4997
398 3210 6541 9864 6606 8241 1386 7762 2837 4985 2221 5256 6187
399 7377 4124 8890 230 3307 5880 117 4851 2521 2628 1323
400 2986 5347 4399 6568 6594 9242 814 9414 4307 9057 2037 9655 8359 3113
401 8281 7025 491 7426 1416 7543 4271 1353 3885 5008 2736
402 1307 2858 4422 9898 9243 4470 8673 6205 62 6101 3193 1130 5445 9760 2155
403 7367 7690 6589 5345 1309 9959 9450 4356 9259 5083 3780 1774 7965 1058
404 8562 8627 7371 1243 2111 2 1028 1176 2288 1515 5373 5686 458
405 9462 5062 4377 2657 603 79 9156 8004 1686 5386 5515 5011 8295 727 2671
406 16 6934 734 3600 3216 6348 7837 7465 5234 4400 7997 3012 8471 8375 8387
407 5603 6229 3087 1824 3242 3846 4995 8671 4612 1105 4904 8476 3745 5468
408 7459 6456 6650 7249 9960 3895 6823 1558 7288 4769
409 3279 6082 8789 4237 8511 8404 3018 3626 7274 2 7155
410 1220 7240 7484 1956 3936 2491 6062 9266 5007 3001 429 7330 4580 1735
411 277 8810 6654 9467 2429 7218 9543 3524 2546 4955 5005 8209 3469 131
412 7105 3885 79 3291 8425 7924 3149 9094 5754 1758 3401 6144 7679 662 7133 2191 638
413 9968 2508 8698 9329 6471 29 4870 3837 4557 9129 4199 3523 1664 7075
414 9448 2462 7110 9147 8676 2796 624 6101 2158 1331 2 1603 3966
415 1083 9968 312 133 9537 1458 7603 6876 4191 2915 7732 723 9087
416 1280 9465 9705 4475 611 5705 4027 3332 4867 9007 3982 8460 7852
417 6548 3586 7117 1226 7762 7916 4929 3416 6686 3193 3048 4302 3877 6401 4996
418 7034 1242 3074 4014 4829 8742 1238 7235 8743 3251 3286 8717 2175 936 3463 6102 2555
419 5329 3615 4825 8241 3158 7660 6720 1134 979 1055 858 4985 412 4088
420 703 5458 7028 6523 2967 6698 3381 6790 1668 3791 2240 2189 442 5414 6191 989
421 4528 5155 6221 1632 1547 7917 1821 3936 6340 8400 3536 6511 2749
422 7699 8952 3297 9948 4939 5829 5884 6101 4849 2199 3012 6035 3944 9076
423 9215 199 9196 9397 1822 3097 7880 3748 8272 9905 2140 6665 3873 3538 5748
424 7818 482 6841 9244 7713 9370 6055 1006 9014 242 745 2530
425 9028 4252 4280 84 9247 9715 870 7329 7130 2061 2707 4784 6196 6663
426 3227 2962 8741 385 8989 6611 5326 9871 676 7078 3896 4982 3012 5956 3548 3415 4569 675
427 8033 4437 4328 1630 53 5024 600 5431 6722 3521 8227 1937 4995 847
428 4911 3316 4289 4263 7901 6353 5015 9366 7980 6387 639
429 1259 4029 6920 2986 8245 5991 4619 9588 6461 8580 984 8399 6511 7185 844 8387
430 8869 7020 79 1183 2006 5543 8255 4704 868 982 3525
431 7340 4517 7442 8461 8779 8028 4456 3463 1788 4064 8186
432 238 6084 7427 9189 7699 8523 6793 3888 4791 5867 2191 2059
433 9239 2564 2100 2499 3573 7467 1115 5208 2288 3897 9060 5407 3982 3853 429 3758
434 9159 7430 1358 9954 4243 529 652 4195 2078 4749 3739 7197 2190
435 7685 5099 8011 191 9648 6506 4985 5958 4558 4791 847
436 4292 6096 1093 4917 8934 6345 6167 5365 5933 9798 9650
437 1398 7807 9667 193 9224 9558 2055 1678 5883 8278 9657 2727
438 1246 7681 7770 1952 2670 5310 8243 2648 6810 2927 2691 9842 894 3524 8368
439 8943 8430 262 9526 3207 9622 247 7173 5006 4638 5393 2673
440 5614 2985 6895 9531 3606 8248 3584 4913 8145 8424 2483 2925 788 5661 6952 516
441 2805 6609 7544 9445 6364 1800 5885 7155 4466 9137 144 4089
442 321 4936 2614 5085 1044 5400 2867 2922 3959 9930 8170 1934 6000 8391 417
443 5350 71 6209 321 5809 7022 4326 3841 9244 5022 7859 3783 802 3389 2699 7147 4777
444 4924 7117 5429 1285 1000 5285 6470 8143 1889 3883 5887 2706 6691 8260 3012 2240 2611 1139
445 9604 1195 2798 4965 6179 5895 947 7525 1902 2536 7999
446 9067 7536 4034 3280 3284 6613 3894 9931 6370 4821 1441 3316 3561 1248 55 7522 5795 220 4243 6428 8015
447 9181 3202 1301 7426 2770 3378 5422 9716 296 3821 7986 4444 5567 3914
448 7025 3163 8942 4489 4559 9739 7069 4084 3886 660 1672 6379
449 5797 5702 2555 3813 4942 3230 6827 7279 6502 9134 8914 6069 3622 4693
450 2655 9818 4988 1181 7591 7556 7545 6613 7069 2326 6507 8173 9060 1871 756 809 2120 6176
451 9229 9148 4328 3707 2403 2971 1950 7949 8061 992 2872 2904 3775 4891
452 3043 5962 366 8845 4736 8851 5146 3015 5880 2707 6115 1517 9093 4907 687 250 3772
453 3371 5856 7837 395 4386 42 8785 8689 2340 2433 2998 2962 6355 4310
454 2567 6704 1276 5437 7776 5886 418 8212 6974 3414 8193
455 6888 3708 9716 2572 6721 6260 502 5661 9139 6405 1881 8391 321 5531 2227 9292
456 9800 5359 2962 7489 2786 9711 5595 1668 5401 1798 4596 4899 7009 142 6663 9292
457 267 7362 379 6863 9445 8720 9986 2450 8238 6502 6404 8391 4071 7659 2868
458 7208 2754 8814 7221 6134 647 3324 268 2585 7567 5230 6547 5715 788 9930 7652 1935 9094
459 6563 4172 8307 7609 4279 6588 300 3815 9007 5043 915 5662 7643 2245
460 6991 8728 9569 395 8337 7949 7883 7775 4766 338 981 3195 8600 2249 7276 6258 3018 4795 6958
461 9318 4287 8116 8861 2963 4013 9787 4148 6357 9781 4797
462 8436 8451 1636 2562 2859 5859 9627 318 8948 8005 4301 6161 4199 7318
463 4501 2643 4485 151 4189 5194 9482 1668 1908 2371 6178 5880 3727 2539 2871 9655 5492 4442 7977 3691
464 2500 4910 8806 2519 7715 8240 4039 9690 650 3653 3505
465 2133 3074 6286 9429 8526 6445 6410 5312 9545 3973 5003 8236 5866 4743
466 8980 4822 8116 2101 5796 2643 6275 9967 8516 8060 9797 9342 2887 3744
467 9988 6652 9458 4364 1191 3261 3716 5302 345 6459 2015 2085 3936 8267 8279 7406
468 3982 8773 2499 7231 9828 6858 7201 4786 656 439 3775 6119 8221
469 8328 7947 7946 4137 8074 9711 5810 9170 3541 5392 1774 1745
470 1574 6937 6763 7363 7443 9440 552 9301 7698 6056 9683 7153 8413 3121 1476 4077 5442
471 7239 1637 2417 1424 5192 8458 4688 9440 9224 9420 8707 9139 8604 4752
472 6637 3928 3310 8287 7949 6780 7038 286 29 530 2689 7153
473 8018 3308 3211 7697 9887 97 7699 9839 1956 3122 7073 27
474 2462 5277 4296 5734 9233 9566 3275 5078 1351 6961 6054 773 6078 7082 6144 4963 3106 3230
475 6213 7391 2351 6545 2703 8272 6076 2225 5360 7413 3041
476 9308 6654 1695 6912 616 7329 3887 6503 7709 1930 9409 4214 568
477 5941 6231 7490 7426 1834 8752 6488 4123 9483 8150 3830 2188 8275 4837 2 1139 1757
478 9463 6329 8994 8992 2759 7713 5715 5677 7893 1682 2623 3521 2196 2896 5526 5679
479 1625 7802 387 6880 7664 205 901 7662 2340 3812 3132 5562 7991 1533 3128 6378
480 9521 7362 8105 810 5637 7438 5433 9305 6748 8710 9366 3908 5691 3762
481 1637 4511 8806 3263 4055 1571 3394 3253 611 8647 7306 2240 6534 6809 7185
482 6491 9675 7923 4646 6309 9388 2087 9924 4457 4199 2215 3434
483 9953 3053 3801 8072 319 8960 2953 1047 4561 6691 5012 7153 2
484 7503 2286 8092 9522 6457 4045 9451 5322 2572 798 7338 679 2240 138 5485 2121
485 360 3371 9666 8010 7699 1628 1299 1437 2998 3404 9274 5490 3031 8831 847
486 8994 8081 7251 5097 4015 7815 3068 8152 5869 5950 8159 8390 321 4624 4830 854
487 7627 9395 3377 912 5195 1718 8793 833 4560 3774 7153 2224
488 6232 3362 9664 4211 7218 4282 9566 3097 5997 1428 7880 4755 8491 6065 4091 956 136 137
489 7482 6762 7500 239 876 8818 4093 7904 205 7197 5555 1942 2228 2068 9640 1847
490 5156 3074 5610 9389 6429 6275 1352 3648 7043 5013 3905 5930 5748 1793
491 2463 7121 9673 491 5525 321 6924 165 6694 2175 5680 3351 6258 1555
492 7569 5257 9392 8211 174 1945 291 4326 2796 5715 3543 1878 8918 5958 2860 2256 9654 1604 9139 4965
493 6422 6628 3634 6295 9638 9233 600 8119 3240 8517 8780 8125 9931 5656 4757 1467
494 6368 1636 4170 174 8287 1548 5622 8424 339 447 2240 885 725 4691
495 2996 2666 3397 5986 9313 3069 9816 2998 9487 1477 6613 1892 2186 7153 1733
496 2981 3260 5649 7755 7762 6444 6693 3672 1881 7134 3692 2533
497 9590 7445 8097 7921 9547 6521 6170 8057 6538 6666 5523 2314 3941
498 211 7682 8814 4824 670 2426 3392 9304 3895 9934 6501 1606 2730 1851 1325
499 7116 7975 2504 190 9301 8029 6132 1916 4347 935 3900 2300 976 322
