100
0 478 97 4048 158 138 3053 6052 25 238 9054 6614 3814 6779 81 8949 8 141 2 251 0 3 1 10 11 19 38 37
1 364 178 9903 3198 323 41 831 46 22 25 700 464 278 5515 4 5 5361 2 0 5519 1 58 6049 1572 1403 430 7269 37
2 3756 7995 111 1966 137 41 2264 65 1495 23 27 102 722 5 2 3 0 16 1 12 13 10 11 9547 981 2610
3 173 364 94 499 134 839 2517 8444 3097 1888 502 28 8466 24 641 7 3 0 1 2657 73 75 76 11 18 30
4 229 193 2706 21 27 25 891 3689 129 7 4 2195 5 2 3 1 1361 1950 18 38 519 32 511
5 262 202 284 933 1846 1310 48 7574 2478 2148 3016 28 3110 4790 1740 8 9 582 5 109 0 1 3 17 14 145 12 4824 74 11 452 439 37
6 730 177 135 44 47 3973 1051 561 2746 1741 20 25 214 218 86 82 256 2 144 0 16 13 11 18 55 36 31
7 170 157 229 173 303 176 205 119 6031 1828 5429 1315 47 22 89 485 462 6731 848 807 8 4 5 0 1 74 76 11 822 4848 38
8 268 65 5812 29 23 160 1290 2960 180 8 6359 7 4 5 123 2 0 1 867 14 74 13 12 11 1089 50 19 637 984 7702 411 33
9 6643 174 6729 48 1313 425 316 4253 5226 9 7 962 5 123 3 7192 0 16 1 725 13 10 293 1756 33
10 559 176 203 346 859 5638 836 4526 529 23 2628 26 24 5926 468 1390 9 6 4 2 0 9086 17 4430 12 11 1363 2950 2848 533 9053 33
11 492 349 554 138 2060 3224 24 1011 236 7 5 769 2 3 1 0 17 72 75 7884 50 6238 18 3000 653 34 7155
12 154 300 90 554 117 288 1250 45 383 61 1378 29 28 1502 9 6 2 3 845 0 1 120 6571 13 2757 11 78 57 6042 2177 519
13 17 1438 1959 14 7242 11 233 53 3324 226 19 27 138 129 1490 35 36 2 0 1
14 112 138 115 1861 134 137 1190 65 47 46 1216 233 34 231 168 355 9 6 7 4 143 2 0 120 17 71 15 11 6979 35
15 206 1161 284 138 3476 280 329 2065 3244 22 3679 405 233 87 103 8 7 4 5 2 3 0 1 14 2114 1225 52 54 19 39 2521 1489
16 40 64 992 625 1332 22 1210 167 184 355 6 948 4 3548 331 2 3502 0 1 16 58 15 398 13 50 51 1401 418 659 517
17 176 94 138 759 5893 20 665 4278 189 186 258 8 1816 7 5 2333 2 3 0 4807 1 14 454
18 157 178 95 286 1687 118 1052 2128 8703 356 9 6 4 2 0 1 121 17 10 56 18 3626 4781 796 33
19 96 92 345 344 3477 131 1072 23 20 26 88 708 236 5 142 3 0 2 16 250 1 14 32 55 19 9134 2911
20 5154 2979 7606 138 280 5526 137 247 62 23 27 26 210 1290 214 1039 148 583 3 250 0 1 15 11 19 655 39 516
21 342 249 2025 2848 9677 2264 23 168 8 9 6 4 5 2 109 0 1 12 13 10 77 74 2546 18 1482 412
22 1024 96 197 859 138 6035 2045 49 1310 1563 69 389 40 442 23 9517 24 1290 6599 7 4 2 3 0 14 73 11 1737 37
23 203 111 6408 8601 26 1156 8 7 125 4 5 3 2 1 0 11 50 39 1042 35 31 33
24 91 3699 323 3301 40 65 62 21 1217 20 8488 167 186 6697 9 330 4 2 3 0 1 5 725 1572 31
25 6642 176 344 2587 4060 1134 409 21 26 1293 463 168 83 807 5 2 3 0 1 13 4722 433 1532 37 1048
26 1027 222 328 6249 289 63 1436 28 5893 3975 9798 27 406 469 8 9 4 2 3 0 587 1 12 13 5027 1951 2844
27 2805 5275 414 343 286 3774 4584 45 60 601 9 6 2076 5 2 3 121 1 0 71 12 1345 57 55 431 33
28 478 301 205 225 554 3617 3458 44 830 29 21 9517 1150 272 708 105 148 968 6 4 3 0 1 15 51 900 18 19 55 1263 1460 1552
29 153 8076 226 1902 69 1099 29 9357 448 6438 4133 180 3768 4 5 143 2 2212 1 0 909 11 4474 391 437 35 671 37
30 498 197 383 621 21 20 163 315 234 4 142 2 1694 3 0 1 12 6044 56 19 8365 435
31 172 918 47 3618 29 1506 27 24 238 354 9 6 7 4 5 3 0 12 2426 50 5021 39 1530 7070 1320
32 175 176 113 138 281 1414 5921 709 81 180 9 6 4 5 3 0 861 1 10 7170 31 2882
33 4129 151 203 118 289 7437 66 3097 1257 2624 446 990 523 20 82 2219 8 6 582 2 0 14 75 57 39 2862 2848 31
34 264 4104 550 309 1866 5850 65 1378 24 2986 89 148 101 9 7 722 2 3 0 1 70 4685 10 78 50 55 1263
35 24 7970 7718 11 10 1752 51 476 235 29 259 4613 8 35 4 3236 2 3 0 1
36 712 5526 3110 9798 406 85 169 107 8 6 7 4 2 337 3 0 1 17 12 11 35 676
37 594 176 817 118 322 1372 3097 62 465 106 6 866 6755 4 2 0 16 1737 15 10 3140 395 51 18 19 54 412 514 30
38 715 590 718 1456 41 3097 61 60 24 165 271 8948 101 6 4 0 1 120 71 1424 13 18
39 172 209 99 94 138 1927 322 68 1251 46 1743 2383 701 468 189 166 186 86 1854 2 3 0 1 2503 10 56 34
40 150 956 5778 68 42 566 29 1503 2720 526 24 9652 1058 169 105 8 4 2 3 0 2190 1 17 15 1591
41 156 99 1148 554 5038 5737 64 4859 3975 21 20 4 2076 2 0 1 71 5724 12 11 52 1516 2153 35
42 8931 94 935 131 42 46 27 422 25 88 164 9338 5412 800 8 7 2 3 0 1 17 73 15 2400 18 19 1954 432 34 1108 36
43 224 138 68 1435 382 23 187 3528 948 580 109 3 0 1 17 59 15 11 57 5554 3488
44 176 209 5034 6689 42 63 4938 27 26 4977 1017 6 4 2 3 0 1 16 6992 11 77 53 1401 519 791 32
45 229 155 176 193 225 131 42 384 44 47 509 27 239 462 2818 183 278 107 8 6 7 5 2 3 4211 0 1 17 5999 12 11 1954 31
46 224 9902 118 1704 69 788 505 1502 88 2818 83 588 338 4704 8 9 7 4 142 2 3 0 1 70 15 1340 419 412
47 266 193 194 138 115 775 130 245 1235 67 2264 2266 28 1119 101 129 140 4 5 2 3 0 17 12 7685 5990 8150
48 366 3477 115 1232 380 28 27 25 218 8 9 6 3684 4 2 3 0 1 71 15 5728 55 2863 33
49 8973 138 118 69 6137 42 64 63 29 28 646 23 272 88 83 8 6 123 2 3 0 108 1696 14 1959 9957 297 19 419 38 1107
50 363 155 593 6607 4148 6158 4089 1233 48 4659 3244 66 42 25 371 9 6 126 2 3 0 1 73 13 56 57 54 2951 1483
51 597 213 1 288 9234 8783 4606 28 23 4705 788 9 6 725 4 2 966 0 33
52 269 309 138 2327 5524 1561 29 9 6 143 4 5 2 3761 5681 16 1 14 13 5625 8056 38 4947 37
53 138 114 2060 7433 2282 45 1434 62 3038 23 22 21 20 26 230 100 6 4 2 0 334 1 121 12 4478 11 19 510
54 597 6440 225 119 132 69 9162 669 9519 3955 521 20 1476 26 188 88 2961 126 4 7 0 1 14 7399 10 6572 826 678 39
55 117 115 132 1373 3244 1495 1137 25 163 460 8 6 4 5 2 108 0 3 16 1 14 15 11 53 1184 19 1107 8345
56 112 2184 2282 2431 44 23 1913 2051 4 2 108 3 0 16 1 120 11 391 18 19 9175 32
57 268 111 117 778 2458 21 25 84 708 82 8 6 7 2 3 0 4152 16 1 6169 11 53 456 2883 797
58 99 179 6604 859 6382 7274 25 703 89 319 235 128 6 869 5 2 0 17 12 9628 1614 51 2153 9073 32
59 225 93 2187 1566 1728 2479 64 1412 22 189 216 82 127 5 585 3 0 1 16 2295 11 1264 1429 902 3843 39 37
60 156 710 474 1148 138 130 132 3759 1723 625 2160 21 27 26 1213 2380 85 232 8743 708 9 7 4 6379 0 1 15 1304 19 452 36 1128
61 619 369 225 978 815 136 1706 69 25 216 184 83 6 4 2 3 0 1 70 10 1572 9566 1595
62 495 7624 202 112 770 5014 117 1841 919 43 64 662 164 356 107 9 332 7 5 2 3 0 1 16 1610 14 72 10 11 77 56 2091 32
63 1283 2363 280 115 42 45 22 24 5127 188 7820 2690 148 5410 4 2 3 147 0 14 59 12 1183 57 1206 2178 33
64 229 9305 282 1279 29 565 2145 358 310 352 86 81 373 356 4 2 3 0 1 299 10 79 56 987 2955 34 1671 32 3940
65 157 155 97 1384 138 1843 68 1623 835 43 65 63 626 9021 375 83 6 5 2 123 3 1 0 14 15 1245 59 52 1956 19 35
66 1282 176 300 97 4673 138 133 42 4180 4872 28 662 25 7325 4019 236 103 9 5 2 3 0 252 16 70 14 58 12 5973 51 5915
67 95 472 138 1863 240 119 3711 63 2769 47 46 29 21 25 1290 8 7 583 2 6259 0 3 1 14 2132 18 19 39 32
68 5350 207 554 6661 244 68 1130 21 26 161 4138 81 279 9 4 2 3 0 253 16 15 12 13 10 11 1593 57 651 8733 433 33
69 90 113 936 873 245 3249 3499 66 47 28 8180 26 24 276 486 8 6 4 5 2 3 1 58 3561 57 884 4964
70 156 1141 301 176 158 2973 859 116 132 46 501 20 9896 2033 101 102 7 4 2 3 0 809 1574 1084 10 76 53 19 5492 33
71 1389 12 13 5 67 41 350 8088 197 5020 651 2684 663 2 3 0 1
72 171 266 5038 65 9559 161 316 2052 7981 6 7 5 724 3 0 1 17 2135 13 12 11 395 8512 18 1324
73 197 110 280 1311 3110 21 2878 88 5479 9 6 5 2 3 0 252 1 11 54 34 37
74 264 1001 612 42 46 1495 3972 22 21 2385 25 315 258 9 6 5 109 3 0 15 3600 50 54 2406
75 388 62 47 29 427 1883 1499 1334 1119 8 762 141 6 4 5 3 0 1 73 10 11 1593 33
76 155 245 2060 43 3228 22 27 103 128 6 869 4 5 2 3 0 1 16 3279 17 10 11 2715 455 39
77 222 1071 1888 2942 447 28 21 20 273 217 168 6 4 2 0 1 16 59 11 78 1407 18 19 635
78 8114 365 5276 179 4025 346 859 1948 6348 3796 1502 1601 310 6514 8 9 6001 7 5 2 0 1 50 18 55 799 34
79 130 4752 41 1318 380 21 25 2838 2987 5222 9 6 7 4 109 0 1 17 15 12 11 1590 1121 31
80 99 112 2683 138 41 46 21 609 181 7 5 2 0 1 299 4680 10 11 2012 36 3106
81 5170 93 200 119 131 3430 28 7777 8 103 129 7 4 5 2 0 1 1737 15 1361 56 3252 19 1263 38 672 37
82 9584 193 1804 1927 3097 9711 1606 426 21 8 6 7 4 5472 1937 337 2 3 16 0 14 59 12 1 1759 1671 37 32
83 349 15 89 4046 150 1 25 279 1127 28 38 1482 6 21 779 2 0 1857
84 111 138 69 40 386 42 5052 29 26 25 641 9890 9375 8 9 4 256 0 16 15 12 1089 39 4908 3100
85 99 95 476 938 951 88 219 544 187 169 101 8 9 6 7 2 3 0 1 2652 5641 656 676
86 98 227 138 2221 7387 500 23 21 238 602 218 1011 168 2051 6 7 4 5 2 3 0 869 12 10 77 33 539 1757
87 597 4040 4227 554 49 505 561 628 186 278 104 6 7 4 5 2 3 0 1 1368 71 1958 13 11 4372 18 1041 34
88 6025 4171 155 12 4 1808 45 47 1583 3730 117 100 26 3915 21 5 2 3 0 1
89 5270 199 151 447 9061 27 665 351 8843 105 8 7 4 583 2 3 0 17 59 13 10 11 39 1996 3644 1896
90 2209 135 1071 28 660 3223 21 6160 8 6 7 5 2 3 0 1 15 10 4479 56 655 34
91 112 138 2665 3208 3244 443 22 25 164 84 2591 338 100 8 9 4 2 145 0 253 1 71 17 15 4370 2424 3003 1671
92 1283 475 2360 4630 68 41 40 5055 1054 21 20 25 8 9 141 7 4 5 2 585 121 3 0 1 14 399 52 50 6
93 493 4051 12 714 76 21 6137 2591 92 19 249 4335 38 39 36 5 2 3 0 1
94 1865 138 5442 49 68 402 26 25 84 218 807 4 5 1790 3 0 2 1 121 13 10 77 2631 1991
95 155 12 69 602 178 94 186 45 41 2250 36 652 106 1079 138 6 4 3 0 1
96 360 90 201 1807 323 753 245 1310 1621 44 428 23 404 8168 25 183 9 6 7 2 0 1 7055
97 99 1002 4301 1258 61 1478 212 34 9 6 4 960 2 3 0 1 14 13 10 2889 519 413 658 670 1992 31
98 157 155 175 179 205 40 43 42 3097 46 23 26 355 106 8 9 5 2 0 1 1487 410 1658
99 155 303 175 301 5359 498 116 1966 5299 389 1989 27 25 2498 270 8 9 7 0 1 120 14 15 75 50 51 19 1209 37
