100
0 313 272 7972 3223 7048 5681 6357 2734 9851 3336 2895 9159 1557 4176 7444 4664 9224 5695 1150 5512 4308 422 936 729 1028 9868 814 9384 8048 7740 573 8375 6607 1899 8188 4413 9233 57 4492 6530 3667 6231 258 5896 8 8303 6541 4521 8510 5643 5311 9884 8067 9046 3387 8898 4536 7532 1683 7536 7721 9353 5652 7485 2619 8391 8769 3848 4509 3370 2513 1203 6814 7837 4884 1457 4188 7954 7098 6162 97 9794 1463 4023 6801 5540 8461 2932 776 1343 3217 1176 612 5927 4110 4119 1775 1262 5123 1265 5121 3536 603 8224 9925 8229
1 6452 1768 8351 9318 2738 3187 2812 1081 5295 515 8721 6116 9913 675 4070 7114 6917 8531 42 44 3123 3656 9515 4252 1545 4419 1895 6437 453 1955 2368 2241 6238 2083 3391 2864 9479 4018 1539 8305 3091 5368 4322 2167 7738 9964 5310 647 8389 3463 9041 8895 3976 1725 3977 2074 4231 7647 5301 633 9893 9895 352 164 6256 3173 7016 7254 5387 625 9277 218 1464 3699 4358 3446 5423 1589 7552 8462 2438 3052 6872 3216 9425 7143 6179 6463 6061 9000 4118 3828 4059 1268 2285 3106 1002 1482 586 6868 2622
2 5980 2955 8051 1764 9016 6515 3638 5200 1560 3130 3648 1876 5904 9154 8729 2899 392 6999 6449 4176 5976 7759 7691 6992 3927 6325 3559 5269 7594 4700 2256 6123 5878 4254 4255 7748 4391 4417 8189 334 8878 2011 1149 6530 5464 1386 731 6138 8580 4711 1538 4325 2376 3679 5401 9287 6227 4728 7132 3146 3062 9289 4339 3262 1441 2109 2457 3607 8003 7395 7714 1327 7886 360 176 9549 8037 1505 971 7808 5225 7892 3745 9789 5637 9429 8148 8719 7673 9240 8791 8988 4983 2628 6906 2336 9167 7279 150 6266
3 4162 4375 1408 6214 7685 272 6744 3348 8522 7974 2732 1013 1791 867 2025 6697 6054 9910 329 323 5695 1150 2567 6847 1624 9594 8040 5662 5879 8185 1898 8625 6682 183 1705 908 1036 8074 9971 2080 6638 2989 9573 986 6633 541 9122 6421 4953 5647 7939 6782 916 8614 7334 8957 9607 3382 1725 8619 8017 6156 4084 3575 7641 5397 1118 9116 4634 4921 6394 9717 6085 9710 1759 2746 9269 1459 5388 3272 7713 4136 2749 5707 3206 2440 8673 4580 6761 4104 6575 1217 8783 5731 4596 4615 1986 6469 6468 6679 2722 7775 1007 1903 2333 3022 8497
4 311 1760 3933 6590 6744 3349 2131 1012 1792 7870 1018 867 515 6052 5618 9307 1554 6618 9753 2140 7192 6846 9387 5587 7211 1548 1311 1146 7997 185 653 3152 6038 1811 6133 5896 2988 9571 2984 6147 3316 7425 640 1823 3465 1943 9608 245 8951 2582 3873 2178 3304 6822 4334 3608 2349 2453 2451 5944 162 7123 9814 9110 3961 1329 5793 2929 5552 5386 4345 5136 9415 3281 9411 4934 4106 4510 9274 7385 6767 4020 3614 844 5530 6279 4614 9076 5992 3116 9734 6504 3359 3197 8980 949 9088 873 288 3533 683 9926 4760
5 404 1761 5197 5112 2137 3341 73 3338 2554 7168 3030 6111 5591 8432 7295 7755 8630 8361 6282 5211 4784 1246 3482 818 1024 3325 1809 3008 3009 8979 1800 3814 573 3795 6686 2396 6531 451 7037 5898 2904 6738 8511 3549 5954 8591 5950 743 4812 5813 8014 3976 9195 6828 9899 5718 4921 7329 8310 4507 2849 2848 525 3566 2741 5028 1846 5130 1351 6165 9106 7313 6079 4352 7386 6378 1218 3362 3747 778 6971 1346 6973 2630 9428 9780 307 9244 6064 7819 7070 5280 7868 584 289 8153 9924 7172 6267
6 9259 1878 5299 4777 8640 567 1880 4175 9309 5459 2800 7598 7916 5171 1785 1399 2312 8180 7746 2645 2405 7186 2391 8506 1700 4943 6236 9505 8583 8948 3865 9688 6738 26 2463 9964 8063 8011 2996 34 5390 5019 4333 2343 5419 2104 7925 6796 476 6018 9558 9666 6719 9552 2512 2060 2602 621 2110 8778 5626 7792 4626 1926 7798 9792 6240 4696 4516 1990 4359 6643 4826 3111 7303 7144 7307 8345 4361 9000 5127 2949 5434 3358 8792 2726 3453 7811 4202 5280 582 7274 4281
7 9720 9449 8409 5687 1569 1080 3529 3526 6855 8295 9657 4840 2895 5752 671 5617 9529 320 6448 6283 1157 5341 9222 5452 3899 1622 9622 9383 1802 4257 7518 9463 6602 2397 4497 4491 4556 1252 7848 4098 3495 1035 737 736 6235 4869 3394 1534 7507 802 6936 5473 3099 7588 6946 9960 911 3461 5151 8758 230 2584 8169 4005 6624 6416 5300 3470 6496 8600 2265 6011 1931 6083 5023 1204 4225 2696 9499 7951 5624 7792 8087 4587 9418 8707 8785 6377 1918 2321 7146 1471 7469 2126 3623 4988 5359 2234 583 4857 9435 4280 3020 4851 407
8 7576 9440 123 125 8526 154 1719 5107 819 8283 5179 9595 9513 669 2095 5582 8376 4311 6927 7843 2392 8871 2649 6030 253 8946 2082 4013 4014 8197 3700 3097 3541 9964 1825 1126 2776 7330 8752 4816 6095 1525 6150 7009 4081 9192 4122 5249 477 8800 7483 5945 5940 9054 3171 3682 1516 4223 6368 1105 6166 2199 6002 1185 4356 1461 1503 2757 2685 776 1854 1850 9424 7300 416 4366 8711 200 7372 3623 8791 9087 6500 6344 5234 3458 8417 878 5280 6868 8150 500 4917 9649
9 1761 3936 7681 4572 5682 6358 7286 1379 1015 1978 865 516 5752 6116 6113 519 2963 6209 4264 7291 4662 8631 1150 43 1498 5519 8289 3129 1623 9140 4463 5581 3817 9467 4394 3242 1135 1957 8108 8077 6039 8940 9749 3789 983 4246 2004 3090 5367 6939 3945 4953 3777 6946 646 2503 5952 2582 2856 9404 3301 7827 7928 5718 4738 9297 9113 355 7129 1931 3960 8245 6088 6890 9660 7718 629 2605 1663 1291 7411 6575 7664 9705 6077 1502 3690 5426 2298 7891 2439 8900 2203 9174 7144 3298 4111 7779 5436 7943 3195 2537 2121 3539 6260 7177 150
10 6980 1401 1561 8993 1272 9317 2653 3526 6054 9656 2894 8487 563 1880 4263 8635 8438 5185 7447 2147 6524 4787 4701 6040 4879 5965 7842 5374 2470 2763 9033 3399 8263 3788 2867 5084 4155 7503 5572 2460 1126 2773 649 2378 7133 4721 4814 2272 7538 7005 835 9353 7828 5248 2343 1834 1118 2457 4922 6015 7011 8172 4508 9665 9661 3372 5020 5026 5021 4880 1209 1668 460 8779 364 8320 7790 4422 9060 3859 4104 4754 2755 2059 5035 2683 9375 7068 7784 9937 9425 9071 9073 4299 8711 9733 7549 3988 3105 5528 588 1644 1642 500 9924
11 7572 1406 4674 7361 6216 9017 4670 6296 3424 9313 4273 7169 8727 9916 5189 6996 4079 1364 2709 5455 5268 6840 8200 4704 9629 5666 5583 576 898 6435 3245 3246 7020 5161 9583 5168 9978 5804 6035 9030 6638 7855 2677 5579 4954 3465 6091 6314 2996 7649 1600 7720 4339 4337 4332 3478 3602 8760 5824 6567 7017 9661 4832 2119 6167 9410 4628 9822 9793 5845 3852 5841 2680 1675 8334 373 9838 538 3298 143 5851 2126 3623 3456 8913 281 3730 3535 8496 5912 155
12 5985 6458 9721 3525 8291 2656 4847 8961 3034 9520 9913 7565 4077 6442 7114 3234 1494 6321 1020 2561 1391 9380 9138 7515 3790 4258 2487 54 2641 5375 7185 1702 8870 3719 7902 459 2361 9976 4153 3705 4487 8453 8510 3946 7986 3068 6224 8890 4815 8016 6554 9695 7007 6095 2996 1521 2070 4085 8440 3577 4089 2610 1118 2458 87 759 7655 2843 1193 8571 2513 1452 1208 9182 2119 3511 7889 14 4420 7157 8542 7383 4027 3443 2682 3593 7702 1858 4618 8145 307 9244 4118 8714 8791 2821 2286 2045 1906 2037 8493 3020 7173 4603 9162
13 8353 5989 3631 1088 860 3527 2656 6851 4962 5593 6440 8434 6446 5180 1415 3920 3808 5695 5103 6281 1362 7619 5176 3129 813 8042 9141 7214 3003 3000 56 2015 7848 6723 4656 5801 102 8076 3789 8190 9323 4242 8195 7587 26 7980 9965 8387 6786 5402 8813 5957 559 4534 6705 3878 6319 7536 8018 3979 31 5240 9215 7728 7437 1834 8801 2619 7480 6399 9059 6715 6899 8574 7399 1198 3372 8478 4224 4340 7712 5703 5334 6964 3207 460 6005 1748 3599 4217 3216 4453 9837 7462 4118 8714 2723 3627 2726 6343 3102 708 2033 2622 9436 4604
14 8357 2952 4166 9724 5441 2654 5753 4472 5596 8637 5184 7614 3891 262 1547 572 6922 3083 1134 456 9588 2768 1951 1030 4656 100 7228 3399 6037 9638 9976 981 4240 8193 7036 887 2673 3257 8818 5401 8759 6229 6703 6551 4530 551 6709 7829 2342 6952 5418 634 6959 5415 8889 7013 1756 2849 7659 5790 5254 6652 6166 6249 3165 8080 6762 9545 1747 1993 1068 5040 295 8331 3292 7263 7260 2329 9242 8713 6585 7679 4564 1262 3624 4057 2629 2541 284 1903 2035 2627 5520 580 4854 9644
15 9444 8352 6982 7761 4168 4673 7879 9853 1976 2554 712 4774 3031 8123 794 671 7698 4174 1098 7192 1023 2318 9023 267 2096 1809 5749 5587 4870 3798 1541 3085 4558 6433 2409 5880 2713 1959 1957 5006 6837 8078 3159 9977 6140 544 7420 4951 2370 5155 1046 5483 7231 6026 996 3878 6550 1527 3873 5302 5653 8393 9297 2263 225 6080 1519 8179 1690 1613 2698 6814 6654 5381 628 3995 6162 6482 1295 4422 2199 7317 9820 9792 4354 1501 8232 2296 1589 3365 2438 7894 8146 9788 5637 5926 144 8665 8551 481 3450 709 4855 9435 8494
16 4670 7470 72 1379 1654 5755 5619 6117 1881 568 9995 5102 1493 6327 4977 5079 6044 8205 8976 668 7353 2314 9629 1392 9382 897 4064 6333 4143 5965 2155 5163 8073 9979 4869 2244 9973 6135 2365 8940 3012 9682 4249 9475 6147 5579 6543 3548 2462 8614 5955 3977 6705 2993 1339 4083 8446 7432 8564 3074 2454 1111 86 8769 7122 9610 757 5949 7320 7259 8001 6711 3969 6364 5558 5799 5384 2602 2600 3206 6962 627 8323 6008 6481 9103 170 4690 6576 1503 3694 6885 1061 2294 6376 6375 6477 2202 4827 2200 1171 3747 9170 3900 2284 6342 8829 5059 580 5912 8653 6265
17 8402 9725 7475 7607 1163 2420 2028 6694 5610 7448 7290 324 2140 2144 2800 3327 1542 2483 7107 1548 2016 2400 2396 6430 6432 2158 8873 3719 8871 7990 1387 9875 1952 735 2571 1138 907 9500 3151 6038 8945 9634 9039 7506 8302 9120 9470 8869 4482 1631 6545 9200 8691 6946 8067 5761 3380 6317 235 5396 3760 6958 9054 4928 4502 3687 4508 1593 1599 8472 9182 3514 469 1351 7493 4423 2210 6245 9064 7417 9547 4698 2290 6802 8787 1586 5780 7893 5634 9075 7142 8825 2531 4566 879 8912 602 2549 8658 3023 4919 9168 9438 154
18 6666 7687 3349 7977 5205 9856 1974 5754 5597 5905 8729 8365 3234 5513 2807 1710 1246 3654 5260 8284 8287 4251 335 1143 7620 2476 9878 3665 6235 8580 6231 2081 5080 4159 7429 3258 8511 2779 1239 7938 5151 8063 4640 248 8161 3872 3871 8447 4083 9957 9812 759 4922 9610 4929 6394 6566 7250 2743 3375 7837 9185 4344 1327 760 7887 8931 1106 7790 4423 9109 4352 5030 6802 7709 6808 6640 293 1173 4295 4293 2323 2329 4900 4563 8798 5284 3735 8155 4853 9163 4607
19 6599 9721 4670 9017 3189 2421 8997 2659 1011 863 7297 9452 2499 566 7612 5512 9992 1713 4972 819 7919 5669 9513 4468 7350 3004 3002 338 573 4147 4144 9461 2394 6721 1134 653 2579 6831 9504 9976 5085 5890 9328 7856 3544 1301 2779 5317 1942 5155 9773 8896 1525 9403 4128 5019 4804 8800 9117 6014 6084 7401 4743 4348 1590 2511 8476 2697 4831 2604 10 7953 3755 2443 5839 4423 5831 8774 7419 3693 3691 1469 2523 8834 2930 3448 1349 4592 7140 2 5435 2125 8910 700 2035 6906 409 4911
20 8852 1564 2785 6690 7871 928 2654 2027 8727 8960 6612 6208 7446 2146 5212 3434 3486 8282 9021 7216 5878 9381 5665 8048 7516 7103 9135 5503 5881 4943 653 730 2763 5801 2244 7034 7585 2901 3093 5645 2773 445 3672 9041 6389 2278 6382 3063 6624 555 5017 2072 833 1441 5419 474 9294 7657 226 8575 4507 4504 8008 9718 1694 1514 4035 6816 4226 2067 1664 18 5130 3206 3755 1106 5709 9820 8542 6765 9676 1582 3594 5783 6475 9370 7703 6477 8145 533 9071 9179 7146 7467 4365 6065 6583 65 2047 5529 281 8919 687 4852 2335 158 9438
21 7767 4373 6662 8359 6745 9097 433 9455 135 6750 137 8361 6328 7190 2419 1966 1963 1398 5872 574 4069 8625 9232 2159 8509 5675 3668 9581 8108 7346 6034 252 7037 1438 3866 3786 3092 7983 190 6736 7985 4321 9964 1941 8119 9565 2587 238 999 7241 5244 8680 838 7926 167 350 164 163 8887 1289 9299 88 6081 3849 8245 6405 5799 9184 4130 2690 829 2110 3280 3161 2217 7660 6075 3919 8785 977 3362 9175 7149 4111 6460 8915 1001 9926 9163 9847
22 7571 6745 3224 5447 8528 2221 1794 5063 8962 396 5758 7164 5181 4175 6752 8630 4269 2495 5103 1249 1491 1094 2790 426 3323 7595 9021 2970 8271 4392 1421 2646 9981 6538 8503 4940 3660 4655 8947 9322 5361 8698 7981 7630 9200 1123 1239 7134 9803 4811 8599 7234 9288 6151 5247 2669 9216 8448 5657 7486 2349 962 8806 5943 4928 1612 6369 3276 2350 8931 5332 1100 7797 7094 4515 9548 7410 212 2291 6372 2756 2759 1348 7267 8332 4616 378 5990 9249 5854 7779 5123 2043 7776 873 6905
23 6664 1409 6592 319 1569 7971 70 7040 1974 865 5756 3034 8431 9455 4665 7197 2804 2701 1369 4977 7599 3894 3488 8041 7211 3793 8189 8625 9133 3240 7022 4550 3495 4090 905 9632 8104 4015 9572 8268 3259 6542 2161 8380 3775 5406 7933 1046 3463 9040 9802 4810 992 6704 8258 5095 556 1522 837 1605 6953 9297 9112 4730 1284 4734 6562 6716 7403 7257 2515 7838 6657 7832 5554 8473 3041 3993 364 9829 9827 4581 9067 4584 9279 8833 7707 3590 3501 617 779 8144 2323 7461 7674 8027 784 9537 9086 5351 6260 7170
24 9250 6666 4164 6592 9727 9721 9449 7578 5110 1370 4046 1658 1016 2228 9153 4264 9304 1887 5977 2410 4780 6288 8538 6325 42 4787 8840 424 3484 726 2094 3003 8270 2397 4768 2399 4944 736 735 730 8740 4864 2867 980 2865 8455 6426 3255 7588 1231 5649 5769 230 7001 7005 7533 4895 4896 4238 2108 5410 5491 4929 751 7015 6812 5250 1051 2699 2921 2693 3044 3206 1668 625 5333 5849 6574 7063 5780 845 5325 2208 9838 699 6178 9077 6586 205 1579 6348 6503 2538 8415 4569 5525 9848 158 9640 688 4606
25 315 3934 3935 2137 6515 8857 7281 8992 9855 1798 4179 5971 5973 2389 8289 3890 2560 7595 9909 8976 2253 3798 2014 2475 1380 4090 4945 2479 2368 3151 3399 6039 8103 3395 5080 9323 6639 9571 8269 9471 886 1635 9208 1826 7931 740 5760 233 3975 553 2917 6418 8684 9216 5651 968 5658 7482 9895 4631 88 6397 2262 3849 1510 3969 3562 8477 4347 852 5702 1927 9823 1509 7709 7700 2439 776 7894 5327 6971 695 5637 4594 9246 1986 6504 2820 1268 3581 2544 3532 6907 4765 8659 154
26 8350 9442 5444 4271 5119 1976 9754 9756 8361 5515 3721 6522 3651 6849 5170 3128 7918 2316 4872 1801 1397 4393 4558 2477 451 4091 4093 6232 2865 340 6427 7637 1820 8815 5761 8169 2993 2992 7244 7438 4894 7728 2174 3766 2347 968 9893 8393 8312 3965 8577 6081 526 8009 520 1611 5255 1614 6405 6657 9186 1455 4834 3993 9101 1189 8030 3856 3691 5543 7553 1915 3500 4198 5735 9423 6272 7302 7142 4901 6588 4369 6060 7371 488 944 1261 6501 2123 8983 9363 589 5288 8499 9164 6264
27 6984 1404 2951 127 5441 1166 8521 1564 2029 2789 8960 8723 8215 5903 9151 324 3235 7612 9220 2415 42 5175 728 9590 1808 7459 2481 7107 7182 3080 1700 4655 9502 3153 1810 9977 6144 2982 3251 1048 5643 1126 9802 9606 9408 6093 1727 998 6156 4899 9957 2453 5714 7322 6083 9718 7254 826 4224 6650 4344 3514 9942 3517 7952 3996 4424 8089 5838 6165 4626 5833 2213 7666 496 4755 7801 1675 1853 419 4596 6777 9532 2948 7549 4983 8795 3354 5359 5725 6900 6101 4281 2337 387 5915
28 4165 7474 274 5115 7040 9854 596 597 4843 5752 2309 9453 2965 9752 6755 9755 4268 9226 3438 2804 42 3658 662 7512 333 7454 3952 5673 1132 4010 4242 9479 9685 2980 3949 3708 8694 8381 9885 2469 5401 4819 8611 4648 9690 555 6825 9352 1609 3309 3077 5711 1285 8090 8765 9557 3378 2926 9180 5555 9498 769 5130 2218 2197 3283 362 4627 6763 2751 8830 7700 8900 2639 4619 5636 7269 485 6461 1472 4369 5857 9533 9536 6500 1001 504 506 4760 7174 6266
29 8405 6598 310 8404 7571 4674 6591 7474 2959 406 6298 719 1870 5062 3520 3333 8726 8295 4840 8720 7164 3806 7058 2148 5266 7592 7352 8139 266 4872 4793 2392 5880 1318 3406 1381 3497 2478 5006 2573 8077 4650 8746 1439 9686 3867 9475 9326 883 7983 5317 2467 2460 5406 7933 8065 8618 3879 1722 2858 837 5245 2079 6251 8882 6493 8920 7014 529 9664 4747 2066 6407 4341 2690 829 1665 623 1922 7092 6489 6242 4515 1462 8039 3444 5783 1348 4826 5326 9176 4906 6277 6670 3901 8793 4560 943 5289 5354 6104 681 5606 5913 8650 9928 9844
30 7765 6666 122 9448 4279 7601 3347 1873 6693 9859 8631 4788 4304 1495 6284 5453 1967 816 5179 8975 8207 8425 5961 8376 8279 4144 7028 4495 6923 5376 2242 885 3706 9206 8861 8511 1827 2461 4954 4728 8759 8754 9693 997 3971 5091 34 8560 5018 9953 3075 5148 9815 5494 8310 9610 6498 9119 2841 6015 2842 7395 9557 3843 1516 823 5386 2603 8936 851 1352 2114 178 9826 6245 1465 972 2683 5039 7801 3214 1344 3297 8337 4610 7789 7307 4366 8349 5436 5235 8798 1577 3827 9367 879 709 4447 8653 9843
31 9444 6661 7681 3349 4577 4993 8997 1378 718 922 7877 5905 3806 9 9450 5972 133 1411 8530 4301 8289 4975 2566 1399 8046 9028 4467 7458 8425 6928 7991 456 9876 737 1030 8948 9038 2673 7736 7853 3258 7634 1638 5476 2501 3386 5763 7237 9605 2853 7538 4532 9401 6157 8250 2911 2078 2170 2918 3072 1833 5413 6791 4436 4926 9296 9291 8920 358 4737 8006 1694 5385 7886 465 1350 1100 8670 90 9411 8676 170 6246 6241 7381 219 3853 6076 2293 2524 8782 2528 3365 1854 2633 695 4452 3298 6274 6675 8554 9734 6189 8988 6866
32 9727 275 126 9449 5195 6294 78 4042 2736 958 1012 3529 1977 7207 5869 7752 8431 4071 6446 7758 7111 1099 1787 1028 2564 8284 5874 8044 5589 4462 6049 2971 3814 4147 4411 8279 3958 1316 7620 5676 1382 2473 658 1227 904 9500 3019 9638 4013 6144 5898 6934 3093 7733 1304 448 7134 5483 8956 8010 553 3876 5398 8562 4631 7329 9111 6717 8572 8242 2515 5793 1053 3562 6404 2691 2060 9943 4184 1106 858 9491 3203 6486 4105 8039 8232 4022 7069 3058 5326 9176 485 4689 9248 1775 7947 9369 5722 3536 7864 3733 8225 4287 2337
33 5194 955 2658 3133 2557 5297 3884 594 2024 5909 6697 798 9457 8436 1550 1410 4306 5210 8845 9863 3123 5741 8975 8272 7748 7105 7185 7629 5881 2648 7902 652 907 1033 6031 6135 4016 3867 3780 1432 5572 3255 7631 1638 3678 910 2776 1235 110 8612 3381 6384 9560 559 7531 4128 2172 4331 9486 4738 5829 7391 4741 7409 825 4887 3049 5134 1353 5622 6000 2199 5833 174 211 7065 1583 6648 7062 5782 2839 844 3507 8907 8905 1177 9421 533 6170 8719 1770 7377 4565 5280 5722 2541 1864 3026 4281 8499 154
34 9728 4049 3832 1976 2785 6857 9655 2308 9396 7208 675 6328 3726 3234 4308 7052 2802 5077 3554 2563 2561 5668 2254 4872 8130 8423 1429 7519 4147 1310 7628 3247 2409 2871 7995 5509 7623 5000 2764 4654 6232 5778 8580 9741 4155 2168 2001 5574 2003 7733 7420 3946 2467 2505 1946 5485 5955 5480 7233 5766 9600 6020 6703 8252 4001 8568 7727 4338 3579 5018 5249 4804 9485 5305 3766 2459 5306 477 7485 3604 7921 5944 6256 6391 4928 2596 7255 6895 1320 4137 3276 6969 859 2192 4938 1296 3859 6761 7660 9272 9676 8903 1912 1911 5532 1851 7302 4681 6675 6062 6773 9000 7941 2043 704 3534 380 4911 6266
35 6984 8408 5686 6290 1794 1011 436 5296 593 2309 8640 4476 4389 9996 1367 1712 6919 4977 3120 1783 4972 2563 2318 6043 9021 4875 8131 6124 5969 5505 1142 9981 3958 6439 7620 6688 2478 1138 104 4247 6632 2679 7859 5643 5646 9772 8064 8957 9562 9403 2994 2913 836 5398 9193 9952 8316 5943 9766 6010 5826 4737 6899 7650 6402 7889 7490 3997 9829 9824 4586 1292 4511 1187 4690 4518 499 1505 2938 840 6871 3058 9171 7261 147 9832 7463 1983 6583 7072 2725 1079 2283 587 7274 508 8655
36 4375 4379 6743 5196 5444 4990 3831 710 7206 5188 7965 6320 5451 2797 5589 8130 575 7100 2485 2646 2718 2015 2407 2406 9238 3401 5670 4714 9630 5086 1738 4404 9125 7856 4328 7424 7633 5643 5640 2461 2773 8616 3384 4534 9355 4893 2079 839 3264 3761 9957 1117 3471 2453 84 9112 2181 5710 8922 1285 7084 752 2593 1611 4227 5553 6651 1100 9105 90 1929 4930 7790 9060 7383 6075 8786 1065 6875 2201 2431 3215 4599 691 9425 7268 8719 9008 1776 7944 8417 5356 4853 5600
37 8406 9250 7368 7763 9093 9095 7281 2556 2025 8215 6445 9303 2491 9458 1412 3924 1367 6285 1783 3323 9591 1025 8203 5747 8041 9141 1805 890 7452 4497 9980 1255 8076 105 9740 8748 9576 1636 2671 3543 1632 8860 4324 2160 6545 8866 8111 9048 741 5767 7235 4535 1528 8257 7008 9356 4125 7488 630 6080 9717 3687 6089 2744 6816 5796 5387 5557 2351 7495 9104 1508 5849 8033 7808 3442 5329 6872 1343 3213 1341 4192 8662 4298 207 205 9080 1268 7773 2944 6186 3106 708 3025 8156 405 3029
38 1768 316 4676 8358 7360 3421 5200 2813 927 2785 6854 2025 4968 4770 5752 6112 7167 4074 7561 9750 8635 3923 5976 4667 6914 7614 1097 5870 9514 1423 6605 6339 6433 739 736 2244 5809 9038 5770 3869 6146 3949 3314 1307 2678 2500 1043 9045 6026 4814 5812 248 6154 837 6822 3266 2177 6799 3071 9958 8317 5492 6495 356 1288 7081 522 4889 4131 857 4834 2110 1929 4357 4355 9545 1468 3617 6372 1213 845 2631 9934 9243 7673 5435 8791 3359 8911 1645 4287 9920 4761
39 2956 6667 5202 7045 6356 5206 922 3640 5069 5914 4965 5591 6612 4072 7115 7116 6329 5515 8849 6919 47 3651 6849 5072 6124 8379 9338 8376 5964 1141 9987 4316 2152 6836 7035 1431 2984 6422 2163 190 1304 9200 8382 8818 5953 3975 234 1523 5391 7646 8809 6799 1114 3470 3477 5719 6497 162 8602 8921 3171 4038 228 3968 8175 2516 8478 5796 3272 2355 465 6962 2114 2191 9107 4935 1748 9677 8780 2831 5035 3507 3504 2434 1852 9073 699 4684 7373 9081 6502 5239 2940 706 7863 4854 9920 9169 9436 8657 4607
40 4678 6214 8052 3936 6597 9091 9096 5203 396 2302 674 4070 4172 8632 3235 1249 8539 1024 2256 5746 8730 2314 2095 8187 2974 8188 8508 4551 650 9580 1950 3662 2241 4866 980 1735 3547 9209 3670 8595 9048 8955 3386 6628 9696 7530 999 3573 9357 3070 9895 8317 8098 83 8097 6016 1282 1281 1754 9661 2740 7883 5338 769 3991 7494 9492 6163 8324 6000 2216 1504 1581 9378 5541 1219 5783 3058 5537 4364 9734 4984 7548 1075 8823 6180 580 2623 9923 3022 4448
41 4162 6214 9724 1767 7365 4048 6519 6690 710 717 5909 4774 4842 7752 7756 7119 564 1417 4663 5971 4548 8843 421 2563 5669 2255 8136 8049 4252 7108 8188 4413 5888 2012 50 3715 7995 2768 1130 657 1818 6235 4711 3789 4011 28 6943 648 8894 9777 8069 993 7001 9695 4532 6551 2587 552 1601 830 4334 4330 8499 7489 5144 6398 357 9613 7324 220 7016 9189 9349 4882 469 4839 3201 3753 2196 3281 9062 4626 8777 4100 1747 7388 1505 2836 6477 1670 5328 3059 1854 374 4456 4683 8347 7679 1077 9083 4562 2727 3356 6909 2237 388 6103 4446 9845
42 5988 8409 6744 3631 5195 7285 860 1872 9397 6051 4962 677 6997 7110 5694 1361 6913 2382 6910 2701 2886 4460 9904 5584 1806 2310 661 6333 4391 898 2390 2392 2157 181 8872 2877 7903 5009 5804 7222 1731 547 8452 3257 1949 9888 8384 9961 6948 917 3460 5765 3387 4813 8898 8112 4816 8598 9564 4007 3570 5391 5416 6018 163 6255 8609 7086 3961 3968 3278 3372 1593 1205 5385 2518 8937 9947 768 6484 5932 5837 7384 1999 9708 6647 2205 5731 618 8654 3058 2433 3214 1475 6674 6068 8029 3905 8411 3351 8416 5723 7864 3731 4760 9166 4288 7174
43 6219 6989 7579 4278 3835 2810 3139 1876 792 793 6051 6115 6440 4179 4071 9752 4268 1151 1098 2411 1095 7599 1025 9597 7597 9620 4707 8209 9380 897 9333 1547 8378 8272 2878 5374 8509 5885 6532 1031 2478 8073 8741 3391 7507 1437 7500 1635 8381 5644 1235 9286 9803 8014 234 6153 5096 2912 7822 5560 3763 8801 2455 639 9761 3178 9768 8170 2515 1321 4881 4135 3995 8670 6249 2216 9703 3851 8035 1506 3366 2638 775 611 9780 4617 4298 4596 306 8027 9249 1774 9084 8988 9087 705 5520 7861 9437 9925 8652 689
44 5989 2425 1270 9857 1976 2226 6854 8965 4777 512 5597 2307 4848 6058 6110 7297 9306 2492 4385 5183 7690 568 8849 3438 41 6527 3435 1717 5211 8841 3897 1624 2563 6125 663 4066 1896 8273 8429 4393 8627 1708 1146 2710 3249 9588 653 4654 3018 9509 7226 9975 7035 9570 1730 1731 2005 5576 1303 2770 916 1235 5954 4005 9407 4232 9485 4632 9057 6010 6011 8006 6087 9557 1206 1053 9843 3992 7490 14 626 7098 2211 3858 8547 7897 5633 696 7261 4593 8346 6671 2 9533 2125 1579 2537 64 5525 7277 2338 4605 401
45 8053 3631 7283 8528 4274 3139 5061 3522 5597 8433 7566 7756 7291 1718 2147 6289 3321 2256 9908 6049 2888 5666 2978 7101 4416 8878 2644 2404 5880 3956 4551 654 1224 1953 1227 731 9971 2361 9973 8191 5893 6421 5954 233 9408 4236 3076 2611 5654 8395 5946 5824 2842 4749 8245 821 2355 4180 8677 5836 3910 4022 9677 8033 6479 3444 6470 7801 1676 5735 617 9936 7301 4612 208 206 9087 9082 2538 3731 5058 8155 6101 7274 9439 6265
46 7368 9312 9852 6692 6850 5590 5971 4544 5178 8284 4708 2316 9028 5666 891 1899 5468 6430 3951 187 453 9500 9636 1816 980 8266 4486 8384 6225 247 3146 743 8755 6317 2992 9402 7533 5096 8253 4128 2175 7434 1116 8801 964 5941 8766 7322 8574 6711 7397 8004 2597 4743 4349 5794 3376 5386 1059 1665 621 9948 465 4589 8088 9060 4513 2757 1065 4215 8146 2325 5634 9177 4115 7467 203 6772 6770 3623 8792 4562 4980 8828 9363 2232 3739 608 5527
47 8402 318 5682 2818 2420 9311 5118 2139 4479 6119 392 5868 1886 1887 9450 8368 8369 5101 9220 7058 2146 8534 1091 6525 7198 3552 2888 1891 571 5501 1701 3401 1033 6235 3399 8078 9570 4400 886 9124 7855 5479 8456 7584 5363 8515 9888 5318 9805 4641 7336 8068 741 231 836 5242 5307 4800 8768 7127 1286 9615 8319 9051 7259 9717 3969 6813 6409 5026 9184 4229 621 1928 4583 9820 972 1067 2298 5780 5323 8331 6466 5990 785 1576 3351 3102 6269 9435 6105 9166 5603
48 1400 1769 6593 6215 272 7579 1087 70 2731 5062 3880 4479 9159 4773 4960 9153 5868 324 5692 6288 2566 1965 5070 5876 7741 575 4065 3811 8371 8370 334 5376 2641 3080 8877 2019 1139 250 9504 9636 4159 4483 3410 3413 2164 1124 3778 742 6228 6153 6826 2073 9218 8560 4334 8563 7435 6950 3601 8807 7121 5940 4502 6710 2846 228 9269 1203 6361 4887 2519 4186 5831 98 7096 9702 4354 4691 6078 5844 8037 1994 3851 5220 6373 5420 8461 7700 5732 6874 3291 7787 7145 8551 1477 9241 7379 9736 200 7373 2049 5235 3820 605 3734
49 6451 7572 5446 7975 8990 2812 434 2554 1656 2026 864 9525 3036 9396 9521 4962 7167 560 8369 8367 1414 1363 1629 6845 1960 9595 8731 2095 8378 7622 59 650 1382 4092 1956 7347 6036 2365 9975 7509 9123 9474 4486 26 7636 3417 2507 3672 6224 110 748 8758 5765 3148 3381 7533 4122 3479 6951 6955 165 353 8310 4731 6715 4500 3278 2696 4835 5131 7889 3995 96 7313 6006 9704 210 3853 8549 1504 7804 2205 1171 1174 4292 7268 3117 1472 9736 7549 1075 7774 1905 1869 1000 3535 874 404 381 8229
50 6216 5200 6518 6299 1972 514 9657 9392 7209 8485 9399 6445 6751 9752 4667 5186 9220 4549 3435 3127 424 1967 1962 8286 2254 9148 6047 5872 4876 8183 4250 4149 4147 3402 4319 185 3666 7345 3152 4408 4153 1636 7739 2463 2376 9773 3146 9779 6093 3971 33 2916 1604 9196 7644 5562 8683 9899 3074 9484 6799 2616 968 2453 5828 9810 2266 88 1931 7322 9556 2747 5552 9497 2110 5625 1929 7158 1921 173 9820 3911 3912 1505 6886 2686 3592 1670 3056 4826 611 2437 6778 787 4688 9537 4567 3581 9362 6187 6866
51 6457 4672 3838 3186 3228 9851 2025 3881 679 5619 8961 8486 5611 2969 1156 6286 7967 2416 5106 6288 8844 1024 8972 2250 4393 55 3958 4657 8745 8947 9326 2981 5570 5368 7427 195 8383 2370 5313 116 7133 3144 3066 4816 1682 6099 1685 5565 9896 6251 3179 5712 6562 1459 2510 5387 4836 2356 9949 7312 9108 9065 3911 4691 4100 4021 9671 9279 2059 773 3749 4827 1857 2431 3744 5530 9931 4592 4362 4115 4112 4686 205 2048 2532 9081 69 9361 7545 2280 5057 5520 8656
52 2950 6662 6217 4573 6294 8524 8852 9096 9095 3831 4579 959 713 5754 4960 2300 4788 1719 1247 5217 4787 9863 1624 9149 1545 7512 4149 571 7515 573 4069 6434 6926 4316 2156 5160 3157 2247 2084 1433 3783 4152 6423 4486 6731 3945 3250 4953 2778 2372 2464 1040 7000 9567 7004 1526 7240 6709 6416 5563 8567 5414 8317 5944 2184 9115 6398 5496 3170 7401 6086 4742 1515 1053 3567 7837 7836 1454 9948 7099 2196 6246 8773 9797 1927 8087 975 3599 770 5538 615 1857 4450 8338 8665 4617 9076 9732 7372 9368 4057 4569 2947 9920 680 2338
53 7765 1403 3938 7476 5119 2733 1566 3184 1796 3134 9657 5753 9659 9911 8432 7758 2969 9752 4383 9227 8537 5690 5696 2707 424 4704 4463 7101 6602 9232 8506 8504 4499 6830 1221 7229 4718 8075 5087 1431 884 4487 4521 4324 640 6784 6824 5566 5562 5392 8565 9487 1114 8606 9611 8765 6080 6713 9713 7523 1207 2743 5798 5258 6653 3514 2607 5336 16 460 3751 6484 7158 9826 7663 1749 8038 1747 1992 6884 5030 5425 8830 7704 7550 5042 6975 375 7781 7263 4905 482 6584 7373 4209 3451 6500 2287 2941 6867
54 7762 4165 5989 7685 6590 7683 7974 5115 5291 5295 675 2963 7750 4386 7298 4789 2146 5456 5451 1624 3325 9149 5589 6123 6126 2093 3798 8181 3813 4790 8426 333 7452 9130 6685 4490 6728 7995 7027 9877 7345 9031 105 8948 9506 4867 549 1537 6636 1434 25 8861 2009 7422 3548 3775 914 8597 5953 4810 8168 5096 2996 8163 1339 34 6416 5565 7431 2343 6950 1830 9619 759 6391 8888 9118 5825 1754 6361 820 2519 3168 5831 7090 6373 2523 3611 5037 7554 7555 7069 8838 3218 5632 8668 7782 4907 143 6275 5996 1983 6501 7810 3586 6902 581 1487 8151 409 383
55 8359 8056 4573 7280 2810 2783 8293 595 5062 2656 6118 5610 157 6445 326 6915 1491 8847 4786 7916 3481 3126 8282 4257 9985 4492 3081 6724 2710 5883 6536 2474 3019 9505 4719 9038 8196 6140 7855 7423 5317 1126 9041 9606 6022 3974 4000 2668 969 5308 9619 8315 9814 9053 3964 8178 3685 4505 3688 4030 4031 1612 6659 1203 2600 3754 8320 8039 7418 6072 2298 7704 6379 8902 614 9641 5639 9075 6069 4366 789 9245 1983 5124 3626 7076 2534 8796 6343 2038 1648 585 6902 4856 9924 6260 9929
56 8357 1375 3428 7040 434 1658 1014 711 438 139 1416 5342 7050 5519 1713 3897 727 2562 3325 9149 9148 6128 6047 5877 7458 894 2979 5377 3954 7021 2157 1252 5509 7025 657 2767 2240 3019 6038 9973 3016 5890 880 340 887 6930 2901 805 8699 3257 4525 3461 8062 8115 5761 8010 3871 3300 4081 7826 5390 9210 2454 4631 8607 82 9055 6392 227 3514 18 3516 2444 6960 8542 6888 4355 6767 6769 1745 6371 6470 7551 773 5041 1171 6973 9789 371 9073 307 3909 3900 4059 5359 700 1486 9437 4602 5917
57 9441 1405 6989 5206 2225 3339 2657 2306 5617 5903 9458 9755 5187 9221 4780 6919 9861 932 5266 3489 6843 5072 9624 8730 8041 9145 8274 5968 4398 3810 4256 7101 7455 8878 183 3401 5509 8500 4943 1388 254 108 8078 4409 5083 3095 8457 4522 8389 7930 8612 8064 5816 2274 2584 994 3876 4000 3573 3575 3578 9191 6954 5141 7124 4634 9815 757 4439 1757 9718 6812 1614 1597 6818 1322 2355 767 7950 7951 3993 2441 2116 6485 178 6487 8776 5846 7418 6803 1212 2298 2934 2432 5537 8909 373 3110 9787 9831 4681 6673 6065 4054 7813 6867 2036 876 8226
58 4375 2950 6214 4675 7288 8527 6517 2737 2730 926 6858 1014 6856 1979 9523 3036 9397 391 4475 1887 1553 6999 3921 1158 7914 3895 2884 8736 2881 6043 4707 7215 2259 5583 1397 574 3793 9338 8376 578 4799 1142 3714 3955 2871 5463 7990 2019 4096 4710 1535 346 2983 3315 1632 28 3318 3417 642 3775 442 5402 5481 740 3875 5247 5399 5241 5567 7436 1833 8600 4922 6258 5710 4928 4736 7654 3 8008 1517 1207 5388 1847 5332 3285 9823 6571 4106 3914 7410 6574 974 3440 5036 6477 5539 4450 301 9730 1261 2534 280 1909 1640 8152 5607
59 8406 4271 7609 718 3134 2023 3887 591 3036 5594 4260 4178 6996 6995 4382 8530 7962 2147 8288 5070 9511 4464 8130 8180 7513 4061 9134 1898 4068 5507 5469 1709 6537 7997 908 7900 4866 7732 3415 4525 7630 9202 6785 8617 7332 8897 2179 3573 7437 3609 631 85 8769 8606 8311 9053 1197 8242 6815 2926 6655 7959 2444 178 6482 8679 9061 7065 976 979 2528 5429 8903 7893 5047 6975 4612 6277 5997 9006 1771 4987 3588 940 2288 6346 2040 7079 2536 5359 1648 6102 4764 4852 4910
60 8052 7289 2422 4043 9857 1656 5860 5595 9155 5691 2144 9991 5453 1027 5070 3556 5743 5876 9516 4875 2092 5665 1890 4142 3712 3244 6924 3667 1220 1138 2479 3019 2361 3392 345 4482 1635 8453 9204 448 3677 649 3388 8759 8068 6313 2584 4083 6799 6955 9890 8390 350 9765 9113 6491 4733 4735 8609 7011 6086 6565 6364 9268 1053 2068 1321 1451 5386 3519 5709 2218 5933 4421 369 8775 7417 7384 9544 5031 1063 6648 1584 2299 4211 3744 4450 4457 6273 4687 6670 203 4118 7075 3820 2031
61 9725 2427 7289 3224 3429 1794 2784 1888 131 6757 9309 7610 728 1785 6040 2880 8730 4876 5662 9142 3791 9463 4147 2643 3716 8871 3953 2769 5272 2479 5005 6234 3019 3015 9479 1730 6144 9122 4402 6635 340 4156 6421 3095 7429 6732 2160 7987 7739 2461 746 6701 7535 8441 637 4803 4801 6797 1839 5143 6252 4926 7088 6495 359 8924 4736 8573 6712 6088 9269 9945 1351 6963 5833 4428 9546 9541 5549 7557 5546 2207 4821 2630 9937 3111 9245 3192 7071 3194 2826 2536 7811 2043 3820 2627 8495 3021
62 6218 6199 956 4997 3833 7281 3837 1565 2782 3526 4841 3037 9395 9151 518 1553 1413 6757 1497 5696 5691 9598 9629 7359 6332 336 2012 6433 6724 6721 2877 2648 1380 3662 102 3152 8103 9474 6146 1738 5574 6939 8860 1305 6736 1826 1126 8388 1042 1236 4811 8952 6553 3973 7246 1448 4895 4230 6412 9190 2176 5419 2347 6958 4436 4636 9617 226 9710 3960 1511 824 2510 3750 9104 5626 9068 8080 4695 216 2934 3619 5044 299 3741 9078 8144 7303 303 8555 7771 3827 1002 5910
63 3939 6456 3632 1371 5448 6514 7041 431 1011 3037 6994 9225 4785 3483 3126 7593 8287 5263 6047 3817 4792 7847 3244 5883 731 8583 253 9631 6308 6422 3318 8815 3140 5481 1721 7005 1681 4003 6627 1602 7823 4896 5011 7431 5563 5249 3762 2457 2348 7920 5718 164 9113 4923 8922 2842 7252 3563 6816 9184 1456 3514 2358 1356 1350 4180 2211 9067 5837 1501 1503 5542 774 5535 1340 2633 2436 414 309 7373 7072 3358 7944 3450 8410 1865 6100 3025 3531 4852 4602 4604
64 5110 8520 9314 4998 8963 2306 5617 7165 8968 8435 6998 9751 4661 133 5695 8361 8537 8844 5217 931 9864 5171 1622 1021 6125 9146 1892 8374 7182 9987 2159 2872 59 5673 736 8740 9637 7224 8261 6738 8450 7424 1639 9961 115 2279 995 7533 7247 7438 2074 1449 4334 9953 2617 3471 639 7124 9763 353 4432 4922 9056 7084 7011 6089 526 9342 1617 4133 852 5336 3206 2609 5930 4933 9414 5622 9544 3691 3856 8780 7060 3364 3590 3362 4213 2933 4210 7700 4823 291 8466 5323 9420 9782 4113 6587 6580 1072 1574 6347 8987 8911 6908 9920 4916 5917
65 7766 5985 8402 1166 7601 1081 1795 6691 9527 7204 4668 3809 5456 3435 4469 8203 9381 1894 7106 5469 5501 4314 3955 455 4091 5800 8070 9745 8582 3014 9974 9321 7036 5084 7030 8302 4529 2676 5475 7739 1048 2772 2774 8060 5481 8752 2993 8257 7536 1687 5093 8441 1605 3309 8682 3479 9956 9114 9762 5490 9816 7089 9056 221 223 8172 6811 7838 1452 9263 4345 4347 12 5335 3049 9270 4020 8836 6371 8461 2205 4196 1174 695 412 7303 4368 3986 2828 879 1489 5729 7864 6903 8220 406
66 9018 6666 6661 7361 1566 3228 2553 437 2022 712 2655 1876 793 9656 4840 5619 9168 8967 7164 6441 566 5974 1888 1153 5103 3436 2806 3729 3488 810 8045 8732 8276 7109 332 579 7629 6724 8504 9873 9583 4096 458 4656 5275 9586 5770 5081 1733 5087 7580 3318 2467 3469 5409 5404 5157 8615 5483 6159 6096 5099 6708 3978 3574 6828 3078 2264 8609 7322 6712 1191 6088 3841 6816 1453 3273 5380 4832 5703 2448 1359 7886 7797 8089 7795 4421 7159 6169 3914 3856 6476 2055 2206 5325 2635 5532 4455 6173 9781 8550 4118 68 580 8155 8157 158 7272 406
67 7577 4379 7686 7683 4279 6512 8991 9312 6351 924 3139 9655 8488 2307 9913 8432 7698 8639 8369 2412 5215 721 9626 4259 6339 3795 2016 2719 8501 3490 2579 5002 8584 8947 8263 6638 9473 2676 2678 7589 5310 3061 8015 1689 3972 3973 7536 4893 2669 3263 9486 5943 1286 2266 7405 8244 1057 4227 9189 2061 1849 5936 4935 1186 6075 1743 5548 1061 5036 5421 2297 5542 8838 5326 8333 4908 4592 9836 6068 8556 6773 6581 7818 1269 3629 3821 6909 1909 3735 6905 3736 2331 156
68 6986 7760 7475 6512 3427 2132 4270 1561 1080 7609 1794 1652 9158 2893 6118 8218 4077 6209 1366 5343 2805 5456 5174 2793 7352 7213 7511 7744 4259 7104 4145 6434 5468 2402 2013 2406 7622 7848 59 454 2574 2573 6033 7226 9320 1735 8192 542 7502 800 5362 5364 7588 2467 8811 5150 5957 8110 2853 4009 2661 3302 5410 6393 6016 9664 6361 6651 2519 3998 3205 1668 178 5838 6249 7791 7093 2751 3598 4216 1670 297 7896 5042 3293 9930 5634 9425 410 6276 415 8660 7671 782 1262 2532 7814 8417 1004 705 6902 5355 4285 6101 9435
69 316 9258 2133 5681 2787 436 3527 4841 6443 6998 1883 325 324 133 1365 5345 3655 8281 3896 7356 4393 7105 52 1145 2874 3496 9580 3150 2080 541 347 7855 3317 8450 6937 4323 2164 6734 7423 5476 1238 1821 440 9968 8066 4649 745 5958 992 7138 6555 8164 239 4539 6154 4124 3308 7647 3763 2452 8769 5943 7324 5826 4928 6017 7654 4834 4189 7953 3519 8671 3168 2210 3163 4517 8837 5425 6471 2681 6876 3749 294 3509 4901 6677 306 8712 6061 6583 9364 2047 5350 1641 4766 4767 6103 408 8152 6263 5917
70 8358 126 4672 7683 9319 3186 3185 7283 9529 1551 322 1559 5345 2804 7591 8737 8136 5586 897 3716 7025 452 1382 6831 8266 7506 8268 3540 8860 7426 8863 5640 2460 2778 3674 1042 911 9771 4722 8752 4534 7247 7723 835 31 7827 2078 7647 8809 5653 633 5418 1832 9294 8763 4038 7012 4032 7408 9187 9265 3200 5330 3751 6486 6160 3289 4028 1747 4025 5843 8785 5427 8468 5733 773 3744 7266 533 7265 2321 9428 3112 3113 6063 1775 5854 1072 8413 9089 3106 589 8915 5055 872 9922 9430 504
71 6195 6591 4670 8056 6296 5116 3833 7282 6858 4849 4962 9154 6758 2961 7755 5183 4665 2417 6323 3239 5214 9387 8738 1541 1423 9137 8624 6685 2018 6837 2360 3014 5772 4711 9682 4012 9327 6423 800 6422 3543 6424 4488 4325 5159 6789 240 249 7539 6708 5012 9218 5567 7435 4806 4804 8802 3471 1112 160 9769 2264 1284 1698 4037 7409 5791 5383 5551 4134 4187 626 1352 7796 7151 7159 7317 9703 3915 4517 2756 3595 2937 845 8906 5639 4363 487 7465 2049 3620 2723 3451 5430 6509 4203 706 2030 1487 601 9926 382 407 5917
72 7766 6218 5987 6215 1767 7682 6515 3182 5291 517 2895 4961 5595 8642 2709 1492 43 3898 7596 8977 5661 1802 1545 2978 8627 5967 2391 2870 7848 3492 5807 4714 1814 8589 1537 5089 8269 346 7638 8861 8517 8459 4955 8385 3779 3971 2589 6098 4128 830 5413 3472 3605 6793 351 4438 7012 7015 7257 9343 5257 5020 5796 7717 1845 622 5137 171 5832 7317 6007 1182 1501 3694 2755 2295 4211 3504 2430 8905 1679 376 9935 6279 148 7147 6273 9246 3987 8793 4987 8823 7811 2944 1573 6863 5529 5522 1640 8223 6261 4603 4912
73 7477 5193 5682 5117 1274 8529 2656 3333 9650 5902 6208 4179 4387 7112 1364 7197 9222 1159 2566 8203 9385 9383 6048 2090 1894 4390 6432 2155 4556 6720 2714 4553 1256 5508 3498 6836 5801 9507 1813 1817 4150 8455 2670 190 5642 7233 118 8951 9779 8014 9691 2999 556 837 7645 5307 3601 9295 9110 9769 4730 5713 8924 1931 1693 3847 1208 1665 1109 3757 7794 6486 9797 4428 8774 4511 3858 8547 215 1217 5222 2294 4214 6647 2686 7701 9373 1918 696 4591 689 2722 5437 7810 7079 2946 5529 5528 287 8491 8152 8652 9846 4606
74 2957 8402 6668 3224 77 2815 7287 3180 3884 5062 1877 7203 6052 8722 7160 7752 1552 7562 4174 5185 1717 5215 2800 9998 818 5075 5266 3896 8040 5749 8135 7998 6929 4098 7902 6031 7343 9637 1816 7225 6302 3097 7981 7426 4488 5402 748 8067 6628 2857 9354 4085 33 1449 4081 2172 5411 2106 350 9051 4505 1514 2742 4224 2060 2356 9494 5709 1353 2114 9068 9062 1923 7317 7414 4107 9548 3919 1502 9540 8702 8837 2756 2526 2832 1342 5320 1850 9425 9070 4617 2823 2286 3582 949 8987 3821 2545 5058 2620 3020
75 8405 6742 5440 8527 1010 5069 6856 4779 8437 4660 6915 5690 421 3898 265 9515 2317 8135 4871 4256 6605 4311 2391 7021 5167 6832 252 9325 7507 9475 7733 3253 3946 1126 7930 116 4811 9779 2275 9607 747 8953 232 9564 3873 6625 1521 8441 2915 9215 5566 6416 3472 470 4925 9296 5940 6255 754 8763 750 8608 1690 3689 1697 2698 1200 5557 6402 4831 1663 7950 5136 2219 8083 1926 4620 9275 6578 5031 977 6809 2838 772 5992 7070 4204 6861 1003 506 408 9643 9169 7276
76 6987 3930 4049 7600 1276 4042 7879 2551 7872 5065 3649 517 5903 674 9455 4662 3922 1558 9309 1495 5340 5211 2149 6524 4542 9229 7910 4970 817 3488 8282 811 8973 5742 2258 1541 1423 6339 1312 7841 2872 5883 8876 3952 6688 5675 1038 4948 1139 6836 9979 257 8745 2363 7033 540 9121 6140 8456 7426 9962 9040 8067 8611 741 9289 9562 2857 7532 9406 31 6418 2172 3075 2450 4808 8390 9114 8098 5942 9052 7322 8002 7390 1757 4034 9663 5021 4888 1323 2602 3041 3519 9491 6960 9065 7410 4100 4519 5844 6886 3612 2684 416 1989 6504 2122 5433 8415 7544 280 5726 4766 2336 156
77 9250 275 7681 4278 9091 8521 7609 3640 9850 7872 5067 2499 7693 5212 5454 2707 47 4785 1094 428 721 9512 1399 9623 8044 6040 6334 6605 2640 454 1034 4096 8109 9742 8940 7505 544 5361 3258 4329 7634 1127 244 8016 7241 2665 2077 8687 7927 7123 6491 1286 8767 7085 3963 3688 8244 7409 1204 820 7719 4341 7710 762 7887 9105 7151 4623 176 9276 7669 6801 3612 3051 3219 293 5329 6978 841 7896 2208 3455 7779 7946 8825 7772 8414 1868 1863 3733 3109 8223 8650 4768
78 9727 9090 3832 3343 2735 71 3344 1655 514 8723 797 7448 9451 6614 6995 2496 4549 1788 2092 4253 9334 1141 2396 6681 1035 7908 1227 2243 2240 106 4714 1437 5361 3096 6425 7983 8695 5475 8510 2372 8385 2777 8810 4814 8751 745 8014 6556 237 6319 2858 7824 5398 7437 479 7480 6019 4731 8761 8925 4039 8571 4033 6890 9719 5254 2927 4130 2063 4881 7830 3511 468 855 1350 7154 5937 9794 4580 9793 3913 9677 6646 7891 4199 6873 1918 3742 3293 4599 9423 9788 7146 9538 1473 7376 2048 8827 5436 7776 4202 7948 6901 4851 380
79 8406 7573 312 9721 271 3833 70 7608 7287 1878 5618 7565 1419 321 7444 7113 2148 5699 5215 5348 3121 6327 7910 262 8736 9909 1390 1895 8278 3085 1958 9744 8581 6133 4713 2867 4158 4013 6934 2167 3251 2773 2771 9771 8953 9605 3972 6314 8258 1526 3304 3263 9216 9211 5303 2185 4735 1931 9298 8924 3681 5388 8476 9263 7176 7153 8771 6005 2216 4690 3915 8545 3696 6883 5840 1587 2296 3369 2299 3058 9173 6271 6179 7142 2329 7269 4681 8553 1988 2724 6181 4201 7777 3107 8985 5728 2330 9169 155 387
80 4165 5443 3647 1791 712 3520 8724 6050 9917 8640 9154 6449 323 4171 9225 6913 5690 7967 2805 8539 4309 1781 4973 427 724 8284 8204 266 1393 1544 8422 3085 3958 2390 4491 3155 5774 7587 3545 5362 2670 3945 2377 5409 1947 4644 8596 5819 5489 6228 6703 235 3872 8250 8568 6821 6828 2453 8883 3840 6897 1458 2514 2743 822 2067 1324 9700 6880 8785 5222 7062 5421 5545 5534 6171 7145 9837 4611 7462 6068 5995 6770 4565 3624 9365 3823 5230 606 1482 5525 5600 384
81 6661 6695 5756 7114 6200 7695 7613 48 5106 6919 931 2797 8734 5746 330 4069 3086 3408 9986 4497 1314 2010 5503 2157 9235 2715 1134 9504 5809 3395 7226 4860 8265 7507 8199 1738 1436 8518 4485 1632 2160 8386 2370 440 649 1942 8591 7336 2278 4723 4720 740 4648 1683 6623 6825 4893 1333 8683 3264 2610 5945 351 9114 4739 8601 2267 1937 9613 6394 4911 7409 1056 2060 7959 7956 1293 9274 1462 8031 1216 5538 842 3119 7466 789 5437 8988 3627 2726 9088 2542 3733 2030 4286 8222 509 4441
82 6214 7361 3930 6596 4995 2136 7600 2424 8857 7975 8859 73 862 3883 5862 513 4074 8364 3809 6915 5344 8737 7511 6330 332 8188 7454 8370 2407 3080 8502 4651 3017 8943 258 6300 1534 5366 7427 28 8459 3465 9284 9283 8593 241 2276 9604 8952 6705 237 7248 2588 6152 551 6412 9212 7647 5309 2451 6496 2182 7018 4747 7256 7254 1592 1057 7835 8475 4883 6818 9264 7711 3205 7492 6167 5830 7417 4353 6576 3695 1745 1743 6886 5426 3856 2682 7552 614 3210 5631 7305 7307 4115 6504 3192 2532 2827 4983 2534 6501 2045 4569 1906 281 2627 2623 8493
83 1401 2955 5199 6663 8852 2424 2423 7977 6514 4574 7046 4579 8294 5595 9151 563 3804 8434 6446 7758 7569 4269 5187 2709 2145 9865 5266 1022 9624 9625 667 2889 4871 1429 8378 8626 3402 4655 8746 2865 9681 346 2986 6140 1738 3541 3679 3673 6029 4723 6024 5810 6093 2913 2071 5245 9218 1444 8159 5651 2612 2619 9766 8094 4731 1197 7402 7394 6893 8172 2848 6569 2591 9340 9348 1325 2351 3042 18 3046 8931 6965 1921 8542 1464 9274 7664 3698 8462 2200 3059 1911 778 5537 6972 690 4903 1262 5122 5236 7773 7817 7864 606 7861 2031 8656 385
84 5986 271 7682 2426 4041 8529 8290 5755 8210 9916 395 5180 2969 4667 4174 5973 3726 2142 5102 3723 3231 3232 40 6849 8282 6843 9389 3008 2313 4061 571 890 4395 2401 7186 7188 2399 2714 457 5675 5161 6138 4650 3014 6039 3013 7503 25 5366 2502 3462 8812 9286 7331 9046 5819 9778 3066 9357 7827 7641 1336 969 638 8883 4439 7320 9664 1459 5251 1453 3569 1455 3517 4837 9497 9496 2446 2116 626 460 5930 8674 3166 6005 9419 7383 4754 5425 7555 2934 2930 845 3500 1858 4293 9780 7143 378 4685 7379 3909 8717 4564 5235 2046 9647 408
85 4371 5984 7479 7477 8527 5682 5202 9314 1082 2220 9855 3525 2653 8727 8210 9393 8966 7165 2303 9453 8638 8434 7112 4300 2803 5216 5073 8734 9021 2259 8132 575 4255 4391 6339 2648 6032 9683 2862 1536 1431 546 802 5475 1822 440 914 2378 4818 6389 3977 2911 3309 636 3762 5652 6951 1833 9762 163 1939 750 7391 6566 1191 9552 1696 827 6360 5383 9186 2443 6003 6005 1994 6887 1583 3611 3366 840 695 6278 4456 143 1475 209 7465 1985 2949 4209 6500 1265 2943 1004 1903 3539 607 8490 3025 9929 3029
86 314 8351 9256 1765 6746 8057 954 2423 921 1010 925 4479 3030 9520 519 9155 1886 3804 4072 7294 2965 8438 5514 4307 9999 7599 935 7910 3891 5870 4258 9231 4310 2640 7022 7024 2089 4711 8262 4016 3868 2980 7429 7733 1121 5400 9881 1828 8110 6557 9563 991 8256 998 3305 4081 4334 3308 9191 2349 352 9115 1939 6010 6563 1199 1329 3373 1051 4887 8933 4189 854 3200 9100 8777 4029 8238 4698 9676 3368 6374 5735 1347 7147 7145 7304 4685 6584 9006 9003 4561 7940 7777 700 6101
87 1401 5199 6986 6662 7280 9311 2814 1562 2139 431 9850 4847 8721 9398 511 2302 9528 4176 8439 4307 6284 1097 1711 5349 5176 1964 5873 9627 8629 7516 9464 2482 1312 9989 6530 8875 653 3499 9745 6135 8588 5081 2988 1731 6145 546 801 7733 28 7980 2463 6788 2500 910 9696 8013 7008 8161 4891 3574 7642 1335 3760 1830 8396 9489 3604 6250 4738 1935 3963 6816 4832 7884 460 4937 6246 7310 4605 9543 6887 5031 8782 5781 4824 5325 5533 9178 9782 9781 1476 1078 3820 7815 8917 285 604 2548 1864 6100 9843 3028
88 7765 5199 3634 1274 4998 8648 8126 8728 6443 6442 9455 320 4660 5970 5219 2146 3728 930 3128 4979 9512 9623 2250 2880 3006 2097 6127 571 7747 1258 8879 6683 7625 2153 3405 3089 5675 5273 907 8746 3015 9325 5086 3783 6548 3094 7857 2903 4322 910 444 7134 240 8592 3060 8956 3382 5092 6627 8162 1602 1338 2101 4809 4630 6497 9619 6081 8242 2514 2512 2067 4340 8470 5139 2600 5703 96 5936 7093 6889 3914 4517 3916 5844 1503 1188 2830 5540 8789 7893 2204 1675 5738 8333 2322 4612 699 4299 305 4112 8710 944 9081 3357 601 9929 9162 4768
89 5983 9010 124 7288 5441 6514 3639 1562 2817 1083 1794 9857 921 9853 5298 2892 6053 5611 8638 9751 7569 4305 7960 7059 1360 2146 1092 44 429 8736 9021 9140 8426 7845 1252 9871 257 9972 8079 8452 4521 3099 195 1049 2467 1233 9804 3069 119 9601 2856 557 3307 5242 2915 4897 3471 3769 2349 8317 8768 757 9662 8242 6816 6409 2511 2924 7712 6652 360 171 7093 4581 9821 490 496 8038 4755 1213 3441 8462 6973 419 9783 6461 781 4983 1573 283 2233 6864 1483 4286 2335 5910
90 8403 8850 5440 1165 9317 9851 5062 590 6117 7754 7442 5185 4304 5511 5349 3430 7917 3891 4978 5874 2881 5744 9381 9333 4060 1540 4393 3794 7846 2718 8508 1147 7189 454 9036 9577 4155 6423 4528 3709 6939 191 6735 4645 4726 2270 6020 3382 1689 3975 8258 1528 5099 553 1682 3871 9354 7720 9197 1608 9210 9899 5148 9813 9291 9612 9299 7406 8572 9667 6812 5253 6404 6819 9264 6401 5387 1846 3045 9107 7792 8542 1501 6882 9676 3614 9376 1588 1068 3059 377 9078 6279 535 4291 8339 7677 2 9000 7946 8791 8981 1007 2629 3026 4281 6104 8650 9846
91 6195 313 9449 2813 3524 2022 1018 592 1875 9912 6612 1419 5345 5743 2255 1805 1394 2488 3798 9138 5966 2647 1709 6723 2474 659 1222 5678 5770 3092 8459 5477 5404 6787 2501 9806 4643 6381 6090 7531 6827 4083 4125 7431 8562 7728 9210 2342 5657 9296 5499 9617 6715 8576 8178 6893 1696 1455 829 7499 2218 7098 3285 5629 4587 9544 5843 7706 2686 6646 5046 1914 1675 2634 1853 9079 9427 8662 8550 6677 4361 4113 6586 1980 9536 2948 7819 3828 4981 3198 3586 7776 3584 6340 5528 580 2033 8157 388 4447 6265 688
92 4161 8403 5986 8052 6747 2425 1163 7603 9857 433 3131 2028 712 517 3030 8641 3039 7114 1412 1157 8975 4872 6124 9029 4061 7515 4255 578 2400 188 7840 9878 4092 1388 4868 880 9209 4523 2166 1949 9969 3143 749 9771 3970 8164 1527 2992 8251 2994 2910 7827 4331 5562 5563 7127 5497 9298 6080 1518 6082 6086 6810 1591 9185 1661 3994 3284 5627 99 2204 1341 3211 6878 9427 3295 9175 4907 3299 8341 6461 4110 8023 5124 9080 6501 2940 3629 2946 874 2622 389 6103 9928
93 2953 5192 271 6299 599 1014 5065 2896 8121 671 7692 4380 5185 3231 6521 9598 4468 9905 4255 4417 331 6434 4497 7189 4499 7993 9582 459 906 6031 2244 6137 2367 7037 5896 8263 5895 9121 8306 5898 7638 4485 805 8695 7987 7985 1127 8812 6221 6024 6621 7649 8441 2664 5302 7929 7486 7403 9340 3376 5382 7710 8934 5134 4589 8774 1462 5848 8038 1501 4519 6885 215 1061 3367 9370 776 6979 3509 1919 534 537 9780 1776 1981 8793 7810 9366 282 7864 1482 5609 7177
94 5982 8358 4279 7603 6692 798 6209 7114 2495 7054 6289 1241 1499 2704 9863 728 5874 6122 3007 7215 9147 897 1892 2978 4310 3718 2399 2151 456 730 3397 2087 8192 2982 5570 7585 5365 6425 5577 3093 7987 1302 2508 2779 6947 7939 7936 7132 7231 4648 9691 3301 4334 636 1832 6797 5415 8607 354 82 9118 3171 8000 7017 3687 1204 2745 3374 9260 3270 1664 3999 8932 5132 2446 4839 9491 1103 6242 9703 9704 4108 3366 2057 2205 3053 5539 2632 3293 6064 2125 1266 1077 282 8912 703 6907 4609 4918 503
95 9729 7686 3224 1081 1378 3834 5293 1017 9154 6758 1099 6911 1714 2389 1782 9595 7215 5581 7511 4250 9331 4257 4416 4413 4555 8871 5167 458 3151 2244 8947 9976 5896 2866 5891 1730 1538 9470 800 7428 3318 910 3673 8752 9696 3570 5399 4129 4895 8565 2176 5149 8803 8805 8390 9761 351 4808 1285 8170 2515 6814 7716 5707 9496 2446 4932 4935 9796 1748 9270 9671 498 9546 1994 6803 8783 979 3596 5044 5734 774 9422 9173 4292 3112 4616 9077 7371 7549 3620 1266 6343 1572 6903 8222 383 4913 9160
96 6451 6457 5190 7361 7367 7682 7470 8857 1371 4271 432 3642 6852 2654 6850 8966 329 7441 4667 3808 326 5517 2384 7618 8843 936 2793 728 3322 9021 8277 892 1542 8370 7185 8873 5277 2573 6233 8075 3012 4015 3316 2673 5362 8389 5154 9041 6024 7538 7004 1722 1526 8162 1333 1330 6413 165 4634 1280 6081 220 8007 9669 1051 1050 4133 7834 3753 7150 7155 9102 7310 2198 3693 8701 5220 6376 1210 7707 9372 4210 842 1856 1173 1678 6970 3110 8027 5125 3984 4055 8987 5053 680 5609 155
97 6598 1405 6597 6294 1375 951 6854 2654 6694 9859 4968 8725 4772 9914 9151 7163 328 8639 6998 6990 1494 5696 5344 2706 6844 1022 9147 6684 3492 3496 4096 8100 6302 5894 6639 3866 2980 3097 192 9967 5403 246 6264 6266 6021 551 1686 1728 5016 9219 7923 1939 7120 4923 8924 752 9718 2515 9340 2741 7710 851 5705 9946 5337 3207 4425 178 91 6245 8772 8238 4758 9706 3851 499 1505 6371 6874 8900 2430 6972 9930 9429 4614 1475 8552 7679 9733 5120 4204 7540 62 5058 2333 2332 8150 9439 6260 153 9160
98 6981 7685 8057 4579 1086 1565 1796 9853 928 2656 5750 9152 4077 565 7115 6912 1244 3323 7596 2319 8204 8040 6122 1805 1393 1544 6609 890 2480 7181 2154 8877 1385 7901 5671 9037 9745 8076 250 9970 8308 9570 7032 7030 6309 1437 2676 7583 6731 3947 1638 6557 6090 9565 995 4896 4897 2170 7645 5145 8881 6493 8762 6013 5715 751 9719 5558 8474 7715 1450 6402 2113 1669 4933 5930 9106 5627 3164 4625 7661 4695 1461 2754 6472 8839 3744 418 8332 370 9834 5923 5920 6275 6770 2949 2288 3452 8415 5724 1003 2335 9841 4917
99 8857 9310 3344 5292 1014 714 5618 673 9917 670 8482 4967 9305 4388 7560 1419 9995 1366 3433 8840 3328 9865 4970 3894 1808 5580 2259 4251 7514 1420 9231 2399 1958 1132 900 9504 4862 8941 4245 1537 546 4329 5369 1305 5642 5643 2465 9887 4645 6224 9284 8613 3385 3063 2852 999 8250 1336 1334 5393 8393 2186 8920 7129 4929 9669 9557 6718 1611 1593 5024 1842 7886 623 1350 9412 8775 8776 7096 4693 4105 8708 6078 9541 3854 9676 6801 1065 2931 3363 4210 7893 1176 7780 9838 9427 2722 7070 8791 2729 3739 2231 8491 4851 5607 8656 4913
